13310
13318
18160
18263
18449
18452
18471
18492
18493
18935
18936
18949
19076
19077
19079
19080
19104
19105
19106
19108
19124
19131
19150
19162
19174
19190
19235
19294
19416
19425
19426
19427
19428
19435
19437
19519
19546
19708
20068
20069
20435
20480
20481
20650
20751
20757
20845
20846
23301
23318
23322
27698
27707
27709
27936
28393
28713
28939
29137
29212
29213
30001
33023
52988
52989
52990
54649
54650
54689
54761
54786
54849
62263
62264
62515
62549
62550
62551
62552
62553
62555
62556
62558
62559
62560
62562
62570
62571
62575
62576
62577
62585
62948
62953
Bocas16.3
Bocas16.4
FL0324
HypoHaiti1
HypoHaiti2
HypoHaiti3
PL17_111
PL17_21
PL17_79
PL17_98