0.002700146606239692
0.002697730133738842
0.002544016455332641
0.0025505389044504292
0.0025539340801926324
0.0025592793756572395
0.0025408267890515528
0.002581289951594836
0.0025878890255726073
0.0025558073473467813
0.0024888806001970355
0.003436455819081857
0.003235687874050437
0.002674234880010149
0.002524977853651429
0.0025526461449811772
0.0025361308641625646
0.003609196144326193
0.0025096565253726224
0.003574609983174059
0.0035280657898983958
0.0026076479920050955
0.0026071124149861145
0.002661164250391328
0.002432090308486807
0.002341099225977453
0.002413730855810773
0.00256718323548332
0.0025480554848227276
0.002506070072123575
0.002563596782234145
0.0025268236815898988
0.0025153948505704255
0.00228006322345578
0.0022693450299524557
0.0022265179962246604
0.0020029026361635407
0.002304846135177615
0.0024226539514943845
0.002452179396404375
0.0025081496952355235
0.0024422312042952305
0.002478191375536324
0.002535791408691336
0.0025443768579965797
0.0025032104734001586
0.0024251564988724034
0.0024887116383994377
0.002676354872375058
0.00284295439266921
0.0028448703556924783
0.0025068734376514938
0.0025424696272060474
0.0025335421307543875
0.002691202788828356
0.0025399485065015636
0.002551458110688881
0.0025415145910859726
0.0025518682831213884
0.0025619390438426305
0.002553650351890838
0.0025462851283386987
0.002508891415345955
0.004161489222908209
0.0023407138556240975
0.0025198297354864668
0.0014117236374765238
0.0016564632071738629
0.005268837973767854
0.0025414867311055905
0.002547211888649102
0.0028549311540437303
0.0025502135670812847
0.002538814788779245
0.002549588892834336
