0.0025148841479183718
0.0024904146078791943
0.0023183501171047663
0.0023405981300468432
0.0023234997647753716
0.0023395476015384917
0.0023258015625770567
0.0023601806625399673
0.0023152290651705376
0.002330801318784445
0.0022856852192687928
0.0032243331382724337
0.003000360695377058
0.0025127487005954375
0.0023012186577677837
0.002337150362242965
0.00233078871647457
0.0034386542605694195
0.0023261120834823443
0.0033893997306887057
0.0035858140595658203
0.0024013912223666443
0.0024566269763038173
0.0023687873490435335
0.002152565401093863
0.0021598066640535754
0.002278249968758992
0.0023244732231615366
0.0022911636951972658
0.0023020688935722505
0.0023182233738768894
0.0023483143280370175
0.0023264299977387424
0.002045074004540922
0.001982902694443129
0.0019425670149392715
0.0018939200603979654
0.0020080844609948337
0.002180652756094941
0.0022674094298120624
0.0022967341594663433
0.0022300923438876956
0.002349127597068372
0.0023207223278107754
0.002337332383429269
0.002305203676021501
0.00227719025456862
0.0021845515185414804
0.0024587155990423225
0.0027286728606489784
0.0025691908035981536
0.0023120622448525707
0.00233508772340029
0.0023193894345185265
0.0024309746755281675
0.0023646117465364047
0.0023416449058720613
0.00233675204525024
0.0023346563372147857
0.0023334721682137945
0.002313232859366303
0.002324611661055636
0.00231511816484808
0.0035873296973077053
0.0022105169807069332
0.002311800116815264
0.0012703631937503676
0.0016034338288643153
0.004731435514411594
0.0023525293439210387
0.002320011038862144
0.0026008848835285597
0.0023379930766722064
0.0023394416861262125
0.002355858014416987
