0.0028121703875973758
0.002676310061957666
0.0025743279661030478
0.002580316157296905
0.002572642739775052
0.0025751329613687363
0.0025359075485437183
0.00256513997808322
0.002540730099469341
0.002573013763836829
0.0025256666750018315
0.003381249790095891
0.003281997316834669
0.002616306252979478
0.002566480845323386
0.0025569119291122496
0.0025729390128611867
0.0038198168811161373
0.002510615440235966
0.0038127529487033975
0.0038618804959081685
0.0026937840000325524
0.002645180610017494
0.0026716891490208825
0.002433844695911106
0.0023622176497130336
0.002409584141147857
0.002558271080905695
0.0025057151799595446
0.002560157437317466
0.0025693911367182217
0.0024999555456798653
0.0025094178019964813
0.002256215163287048
0.002212994719253173
0.002253342633466611
0.0019933232255897534
0.002222373171366972
0.0024542014985503447
0.0024256642028172644
0.0025055737396688644
0.002457918882791535
0.002521942720985625
0.0025404832580007055
0.002570625675309539
0.002516762097559924
0.0024600708401496963
0.002449444467274741
0.002680980241603959
0.0029425605843833033
0.0027755951862073764
0.002551770922218561
0.002556064612317896
0.0025658640728959
0.0027172103220532533
0.002593682165736485
0.0025856928759353617
0.002564727432849307
0.0025890196046529333
0.0026052364796880344
0.0025533007298416573
0.0025734041324259787
0.002463889264357111
0.0037020658817750254
0.002315878853071405
0.002537105740860562
0.0014384000942751567
0.0017732816873936553
0.004944745614610074
0.002587046661609464
0.002552989693694737
0.0029465172855217365
0.0025727953485142428
0.002571520525316863
0.002574020176121318
