0.0024936478052152134
0.0024100179125249553
0.002347441990440819
0.0023474770284314657
0.0023208260835048296
0.002349666288436649
0.0023367213765494244
0.002340146087347738
0.0023347386492466823
0.0023455493871054373
0.002302041673529742
0.0033489022856501437
0.002927120734321078
0.0024993243277331837
0.002326261846281716
0.002304765992343686
0.002352794208799919
0.0036084787187454894
0.0022478745935801043
0.0035733664206762895
0.003457863542836025
0.002450475849404414
0.002379774883716906
0.0024467816250212785
0.002147914237826224
0.002135408174489572
0.0022786944157840773
0.0023395126445997605
0.002320138566373831
0.0023192888261008076
0.0023734790807849624
0.0023460556447010353
0.0023097485603082303
0.002025076892317132
0.001939653196789767
0.0019748736436214017
0.0018010907222011912
0.0020243581396716965
0.0022301407715792088
0.0022539387169260247
0.002285380662621333
0.002233664033521273
0.0022895092919871345
0.002359803412331416
0.002345790030898348
0.0023143011081961638
0.0022282893677723534
0.0022437005663596167
0.002541560281758398
0.002637166362358739
0.0024296778124780804
0.0023287260930734545
0.0023397259753134237
0.0023347137392102004
0.002472356569472271
0.002342903880780265
0.0023469228779850453
0.0023449757664363332
0.0023453990272183033
0.0023080619546138586
0.0023260481237271278
0.002339745147648437
0.0023433519256505072
0.003490694417022225
0.0021502342862684616
0.0023278623075043917
0.0012958539163602195
0.0016455606632670876
0.004635584248957406
0.0023441525455664652
0.00232638105062704
0.002537031230476921
0.002353815335098291
0.0023471966785135042
0.002346627288158512
