0.0031884934724348314
0.0030920933739664435
0.0028760978636995973
0.002904799915439772
0.002905627305184434
0.0029090918952716523
0.0029104238673991474
0.0029111708164744053
0.0029013110886842524
0.0028663095475242634
0.0028420929660162384
0.0038901551071139555
0.00375101819419494
0.0029504143717226437
0.002881311239911595
0.0029490928464365324
0.0029016901597422517
0.003990082446861732
0.0029138046738271303
0.00396607895104816
0.003983330027221812
0.003065846732622391
0.0030285912110662276
0.0031514432661094104
0.0027077110816590803
0.00271732432371668
0.002669653451712713
0.0029168154531756126
0.0028371194343301794
0.0028504955685350023
0.002885108039518616
0.0028749725151469207
0.0028596658048712985
0.002582078544075845
0.0025667376590032724
0.0026561279276927554
0.0024585393767734606
0.002526894246191762
0.002798889431517342
0.002760846438142837
0.002864954154361404
0.002795484895837518
0.002790096117177142
0.0028972844585926677
0.0029003922663795156
0.002885664229290363
0.0027605858829507003
0.0028516677040065588
0.0030480118870161044
0.003356205373671338
0.0032898395229325893
0.002894103604685553
0.0028849756371764684
0.002895639272031365
0.003045707836409708
0.002912016592656796
0.0029096279544409084
0.0029195234308618217
0.0029017983293106397
0.002925236442132877
0.002792302489829484
0.00289912844852988
0.0029387504746286796
0.0037590499488049938
0.002660375195046884
0.002881823552958072
0.0013979439226947698
0.0017080771786395824
0.005326094933852374
0.0029039179159767257
0.002888650676588664
0.003117822322143043
0.0029144720179798897
0.002898044622921714
0.002885397625928135
