0.0029031462959322935
0.0028361827466450384
0.0027351720070794712
0.002720909806468461
0.0027050443884518113
0.0027330291844196468
0.002730572810651388
0.0026904213298778474
0.0027138985453247066
0.0027206525678244464
0.0026483950498842244
0.003792547506618933
0.0035424536339504673
0.00276747764212716
0.002723529646017967
0.002712716239510836
0.0027286692032395593
0.003906965218780317
0.0026617194487389005
0.003875241889450452
0.004017644056362883
0.002792842793525376
0.002751619730814864
0.0029022179669195227
0.0025016952951690988
0.0024805173245351112
0.002589090214925076
0.0027245130241869754
0.0026752765554049337
0.002725046000141201
0.002644761805351702
0.0027115902339738167
0.0027353489508049307
0.0024417466787863633
0.00242655319233191
0.002462292608077671
0.001994588111759219
0.0024669749144353983
0.0025962309667057508
0.0026536175425824707
0.0026970510954533147
0.0026177535145322324
0.0026941371481500123
0.002724441710502885
0.0027354387048729337
0.0027079682494962607
0.0025698111234553726
0.002585477613827618
0.0028717645216139787
0.003055765086420477
0.003010263202668273
0.002720838492784416
0.0027236389011963858
0.0027160565186208204
0.0028903094306667334
0.002731287824168056
0.0027435149387901167
0.0027347962697533185
0.00274865833625252
0.00265238110948505
0.0027385017663085856
0.002734098921473106
0.0026623837920060588
0.003966119919663574
0.0024845274640812485
0.002706245972845637
0.0011633889208486794
0.0016552281394188527
0.005312697206794609
0.0027355986302971015
0.0027140660182530195
0.0030631474602199004
0.002737587069603263
0.0027395109487706867
0.0027328041782912855
