0.002775556213816754
0.0029191683797832172
0.0021180138444660615
0.002215410989827652
0.002058441045544636
0.002259827326276919
0.002223582444046328
0.0026462474877315227
0.0023222534636213005
0.002006346591937027
0.0020481646918762914
0.003330061594735083
0.0023489963566089987
0.002894742904371071
0.002133234727745117
0.0022192183270101167
0.002150039227800244
0.003443800678542565
0.002599959452601305
0.0036315947456495934
0.003355419592631217
0.0028676606878411553
0.002493657709572616
0.003000915020153806
0.002312125255369503
0.002199317780164266
0.0021736636116851077
0.0021269237330368454
0.0021299236777040185
0.002139219802538457
0.0026055445347711735
0.00204618448148623
0.0021053315386997677
0.0019188579249641883
0.002224388602018284
0.002018333143336838
0.0019071605906796094
0.0017919484299877394
0.0018514053580295266
0.002017383648179034
0.0022108544179428665
0.0018532480048187056
0.002024221923610446
0.0020333748412101134
0.002175460948372329
0.0023220707509428633
0.0022952416161613996
0.0025593602014303586
0.002202323576894978
0.003056030052978687
0.002941130937659002
0.0021294619578257146
0.002137421392341696
0.0019462280588924072
0.0027537216959064147
0.002170434041624582
0.002279207156141269
0.002391504655456346
0.002269824801010095
0.0024800406767795536
0.0019838893341893177
0.0024037401517386842
0.0025618416371431373
0.003820015961683433
0.0019385494297178337
0.002267666928351166
0.0013162349820362573
0.001619562720657967
0.004619424056538488
0.0022959776466041325
0.0020990181822561683
0.0030666570174583095
0.0021450755547222735
0.0023562704287888093
0.002404896383763813
