0.0025825173393413457
0.002412238506647771
0.0022605629026652627
0.0022986808674908313
0.0022515280496071648
0.0022830442256724466
0.002304845628222931
0.0022499905376807943
0.002309431190106692
0.00225971427595317
0.0022122785824977035
0.0035085092063129775
0.003159468776912578
0.0023886486107581933
0.0022820649491393655
0.002290304247494398
0.002300991100255301
0.0036747025450846456
0.0022079701160657842
0.003710999596949655
0.0037137166036685255
0.0023699360852384535
0.002328815610792613
0.0024629477915066957
0.002013498153140742
0.002008312891863553
0.002141457399215734
0.0022527443269834443
0.0021654641643672344
0.0022194609946650174
0.002174402331780287
0.0022747084327489893
0.0021922418840244454
0.0019048578387643956
0.0018460908140123097
0.0017787688803613786
0.0017098015392123097
0.0018326737542037786
0.0021368473156134584
0.002041153944012203
0.0022261174425696503
0.0021697033967455425
0.002177161025426291
0.0022638698319363635
0.002280374549616119
0.002260122912922073
0.0021984311664808333
0.0022512779280489293
0.0024215567607398093
0.0027418423191298037
0.0026075172342029016
0.002293931010075363
0.0022641722220791685
0.002264877221566422
0.0023693841713547854
0.002294750035566877
0.0022919866508125217
0.002300880465888887
0.002278357264879317
0.0022183513867752407
0.0022647771356233753
0.002266271894465287
0.0023077759739190897
0.0034815142942706896
0.0020942972248171247
0.0022749764997464913
0.001301257401529074
0.0015787451997351213
0.0047173004514738355
0.002288079567642428
0.002268148072684828
0.002551944883309545
0.0022694886499855073
0.0022774422981509954
0.00229506391359943
