0.0026784781630438998
0.0025975336140311297
0.0024597683718354984
0.0024597134054578393
0.002440761471877344
0.0024631010106071285
0.002438894742826997
0.002460557405294282
0.002474061402676095
0.002473955016143866
0.0023900354268101627
0.003543247842440514
0.0032321044657919623
0.002471620422756534
0.002452858802865243
0.0025039985733423943
0.002458455895133786
0.0037013132902268876
0.002348921050467733
0.0037260871677765425
0.003671548229328061
0.0025778038766801157
0.0024912889287477466
0.002500962380465598
0.0022738315434574483
0.002238360209769324
0.0023524757791900425
0.002460067554408856
0.002381271067725327
0.0023985482408461762
0.0024260527061017814
0.002413789884949914
0.0023667244823103594
0.002146704589761294
0.002130533610455737
0.0020614944238420223
0.002056910937336616
0.002167474324862717
0.002314492476750568
0.0023501972409321636
0.0024112553671149645
0.0023462716174187503
0.0024194000015092705
0.0024557284023088576
0.002453110527798093
0.00243219570098911
0.0023242828748523616
0.00237521412772319
0.002699169398246386
0.002775697014783488
0.0027047712402984703
0.0024463219413875144
0.0024468384505828707
0.0024404467527598065
0.0025542892610727393
0.002439487197614602
0.0024673971857274136
0.0024631427753809645
0.0024855298710408096
0.0025938349088650376
0.0024518195246354614
0.002459414623762718
0.002449138583978778
0.003898948263670203
0.0022202557577661714
0.0024403420295346966
0.0012660494015941865
0.0016325439187726614
0.004940267932919139
0.0024611497521560568
0.0024290049067258227
0.0027020361016123133
0.0024433174137297848
0.002458454025309563
0.0024725951598231015
