0.002604488480837482
0.0026973478853454286
0.0021448418241016708
0.00232388080935768
0.002065429201237164
0.0022189738652431336
0.0024163560763004123
0.0025840479565595762
0.0022826032317038894
0.002082047723942451
0.002053059696312926
0.0029202406089018054
0.002962950097186186
0.002319461162115043
0.0020674228614252477
0.0021323352255343923
0.0021567948268488126
0.003353799053732369
0.0024048388335702305
0.0034832410212223444
0.0034076719375985462
0.0024299716188446573
0.002240554625249643
0.0024943442627885547
0.0019008228130235115
0.0019491686792048675
0.002315110356731137
0.0023183734607716976
0.002089212686105872
0.0019880977660665846
0.001960051593392289
0.002062942633350567
0.0027624447456321595
0.0020221391665787127
0.0020499287686428476
0.0018045378376946096
0.0017747583253991202
0.0018323086429393128
0.0019867346972913045
0.0020700177646546343
0.0022746650172767164
0.0021256228762296684
0.0020146156495082605
0.0023130891598033398
0.0021029885403843367
0.0022854670529701116
0.0020215879528180034
0.002054227254213194
0.0023043710269892827
0.00267698446395106
0.0027959844985210084
0.0020696753669970174
0.0021226913792639517
0.0020916154165856703
0.002401203491777971
0.0022656295833628367
0.0022339923500322456
0.002181298996556468
0.002207422416156989
0.002358164054303467
0.002095491063493933
0.002247752191092735
0.0021067673597238044
0.003422080538337202
0.002181978465689931
0.0021943116721775875
0.0013978476813601213
0.0018214729345966145
0.004432674578315959
0.0022459494323686913
0.002379723528147176
0.0025171553564220404
0.002145774765375828
0.002184037181431544
0.0024321304994888286
