0.002552902042558386
0.0026011218320753852
0.002395999331024814
0.0024061403885488287
0.0023845615348296136
0.0024079093331503326
0.0023861562289913822
0.0023953606432661548
0.0023997588457291066
0.002400489409684748
0.0023556827714878025
0.0033428517073422954
0.00307017649150787
0.0022928258194945548
0.0024108207398490307
0.0024445292274038717
0.0024098476245321193
0.003727069961088358
0.002310633007140642
0.0037389783017186995
0.0037174769006199184
0.002531906849669191
0.0024627859168727287
0.002531875499794138
0.0021665324039297253
0.002145029350318272
0.0023089249002080188
0.0023868712826639743
0.0023497189195940127
0.002351088171304177
0.002358266369663523
0.0023620006925094256
0.002368058594015001
0.0020433879365623765
0.001974353085618735
0.002017405678784752
0.0018540661011311522
0.0020637804362001765
0.0022226274654054573
0.0022925058178723586
0.0023465581249992925
0.0023020192768822426
0.0023598845762300806
0.0023691705923744007
0.002408984908255758
0.0023896097860842476
0.00229067235998813
0.002393534974319269
0.0025170649909782112
0.0027770775922462978
0.002574027245204559
0.002405971652479421
0.0023893765562785696
0.0023861608893833938
0.0024928590707775857
0.0023946746343293576
0.0024048697867075776
0.002416152523021531
0.0024154513001779904
0.0023681969022676125
0.0023822490208294305
0.0023966297718319373
0.0023978916843061557
0.003953299388340409
0.002226359022086213
0.0023811054630410626
0.0014081716527137842
0.00179484003716896
0.0048256164588940985
0.0024033175772315233
0.0023865943053560435
0.002675622955931843
0.0024129063923890312
0.002400561033598713
0.002404668788731033
