0.0022093599235842765
0.0022527427698969833
0.0019874813607958014
0.002023219859536983
0.001992066699806284
0.0020146888178521278
0.002011814807729551
0.0020420100319760957
0.0020251906190332006
0.002009060113115396
0.001961888464866188
0.003094889599765062
0.0028670756082245135
0.002144174570189103
0.0020054621141547867
0.002007822320819442
0.002026490360345686
0.003296296515562585
0.0019763450574050204
0.003250182311591732
0.003352904883161733
0.0020691301918357072
0.002009468976632033
0.0020566966335793637
0.001886191958535199
0.0018361892571419959
0.0019048148516534605
0.0019765907489072095
0.0019225098672909114
0.0019757517385646907
0.0019479546202045216
0.0017366337909219944
0.0019000839833670513
0.0017814790244229726
0.00170341054959785
0.0017141294948165822
0.0016431804726880195
0.0017796298038060057
0.001932324458681722
0.0018701420854931568
0.001961665387894229
0.0019199831959773618
0.0019588147073494678
0.002004529009194347
0.0020089311713458757
0.001998797078722858
0.0019347447813522806
0.0018828333034256203
0.002197605937568247
0.002392426230115016
0.0020997213975983368
0.0020277939034608326
0.0020111551226400445
0.0020108845153831855
0.0020956383632891274
0.0020207158972060566
0.002035105498470631
0.0020391927476360156
0.0020244744544418
0.0020261446339080525
0.00200394091783262
0.0019857600875950905
0.0019747715862952916
0.003482572494055892
0.0018352763153140932
0.0019990086728066715
0.0013286944163979318
0.0017490621216979796
0.004639167107590573
0.002006495990135028
0.001986388521455888
0.002239272210540461
0.0020083387889331386
0.0020113106827458903
0.0020180812479059333
