0.0024976414297363057
0.002427348688029205
0.002269781200322949
0.0022766652590223207
0.00226816866209953
0.002277075316404432
0.0022580259583085747
0.002210234154723254
0.002275394623660807
0.002280044946605625
0.00222039426447686
0.003269664573257078
0.002894518985248013
0.0023758519007089232
0.0022423680505483192
0.002246786678798126
0.002267835623685511
0.003507592643058883
0.002204022712197344
0.003471137095068432
0.0036839349493378287
0.002349280453618399
0.0023091870591830867
0.002391798250156393
0.002089740126722175
0.0020878608639019374
0.0021638161789966585
0.0022707720969775053
0.0022280628348332427
0.0022066162008097206
0.002280691009802268
0.0022856517094981435
0.0022220577773066565
0.0019894877481406066
0.0019414139625319865
0.001952053979574002
0.001817101368004527
0.00199318178557317
0.002175839970165664
0.002172417604318841
0.0022432589980546577
0.002184662242682688
0.0022203420465847744
0.0022598137994538046
0.002276599392047191
0.002249121564520343
0.002172162338661825
0.002192405474613265
0.0023551388037332667
0.0027272236062883884
0.002453383036809063
0.002265378734751706
0.0022704755469256355
0.002265924590105455
0.002375282654649997
0.0022847242202826443
0.002283183927624907
0.0022715109179770295
0.00228129027227256
0.00228360650874532
0.00225909518180293
0.0022756803085059547
0.0022643915679443913
0.003559482307846124
0.0020945615787072614
0.0022426940167789393
0.0012817627447275408
0.0017821220411197993
0.0046341087544483845
0.0022731864447109763
0.0022523057747911002
0.002537384218324298
0.0022803827724656913
0.0022765502553309573
0.0022832670924521755
