0.00291836690697999
0.002836373850380604
0.0027242245716435037
0.00271821411346126
0.0027432757931748378
0.002719312959572021
0.002745470515031279
0.0027779777034751692
0.0027177566769789395
0.002713603772425004
0.0026863395499419048
0.0037406121155053127
0.0035561871770884595
0.0027547895668083022
0.0027084132934722368
0.0027025736787835266
0.002715970348955311
0.003820392722848412
0.002613261638435231
0.0038430747595753476
0.003825896559693198
0.0028549876222052
0.0028312641875263785
0.002859403019758291
0.0024878899773746383
0.002464627707936907
0.002538760320850268
0.002679005967159722
0.002696004112256665
0.0026162933717307464
0.0026086288774494083
0.0027006028088254683
0.002613154578834579
0.00244482028007175
0.0023376999538793648
0.002416870530048686
0.0022525896553434463
0.002478332474667155
0.002624201183288904
0.002651495875314345
0.0026888011273801596
0.002647297996977367
0.0026519880165266937
0.0027105009557240587
0.0027322615604986594
0.0027108951297157417
0.002647798092984271
0.0026219140008703944
0.002794644937071177
0.0031008499997143284
0.00309667467521158
0.00269652481123133
0.0027156747273949715
0.00273598352143805
0.0028264491123783176
0.0027367597564493125
0.0027307569604998585
0.0027190754566306548
0.0027192457787232082
0.0026318656775725334
0.0026682659424765837
0.002721154391197903
0.002587825250114347
0.0043665840507158766
0.00257268118268147
0.0027114613953867425
0.0013353008941764004
0.0014378591271790705
0.005330092666970517
0.0027293726967638618
0.002712485684191237
0.002987032867930839
0.0027329349352258102
0.002716445805140256
0.002714345368728741
