locusName	L_including_N	L	nSegSite	nsamA	nsamB	mutation_scalar
LG01_180000_185000	4998	4703	110	6	6	0.6629725344032991
LG01_1410000_1415000	4998	4758	145	6	6	0.3216620612846183
LG01_2750000_2755000	4998	4914	176	6	6	0.6554590842022903
LG01_3080000_3085000	4998	4839	192	6	6	0.9087278548613419
LG01_6630000_6635000	4998	4739	47	6	6	1.0936581412531843
LG01_7095000_7100000	4998	4779	42	6	6	1.1570859343571043
LG01_8670000_8675000	4998	4744	75	6	6	1.3865802183029317
LG01_9245000_9250000	4998	4813	55	6	6	1.008269968811176
LG01_9915000_9920000	4998	4810	76	6	6	1.0701372803302698
LG01_10430000_10435000	4998	4794	76	6	6	1.118627875845235
LG01_11425000_11430000	4998	4805	83	6	6	0.9927526218388122
LG01_14200000_14205000	4998	4828	70	6	6	0.9426404559159213
LG01_15235000_15240000	4998	4737	87	6	6	0.8830033955787479
LG01_15810000_15815000	4998	4777	107	6	6	1.2622708144989419
LG01_15965000_15970000	4998	4813	122	6	6	1.0584326538266575
LG01_16610000_16615000	4998	4600	64	6	6	1.1651981240299136
LG01_17425000_17430000	4998	4803	62	6	6	1.0642849670784635
LG01_17570000_17575000	4998	4805	75	6	6	1.0609407880774318
LG01_18015000_18020000	4998	4759	21	6	6	1.0930007819032983
LG01_18340000_18345000	4998	4752	48	6	6	1.0541442261036453
LG01_18495000_18500000	4998	4802	55	6	6	1.0575966090763995
LG01_19855000_19860000	4998	4856	18	6	6	0.7357193802270605
LG01_19915000_19920000	4998	4638	30	6	6	1.0854221678786247
LG01_20385000_20390000	4998	4744	59	6	6	1.3389256675382244
LG01_20715000_20720000	4998	4874	118	6	6	0.7624728122353173
LG01_21150000_21155000	4998	4746	109	6	6	1.4158417845619624
LG01_21170000_21175000	4998	4788	118	6	6	1.0037626117772114
LG01_22060000_22065000	4998	4756	55	6	6	1.3008856314014843
LG01_22610000_22615000	4998	4780	103	6	6	1.1993061942451344
LG01_22665000_22670000	4998	4523	49	6	6	0.9227746312184115
LG01_22940000_22945000	4998	4775	68	6	6	1.2122648878741338
LG01_23365000_23370000	4998	4974	51	6	6	0.16386477105057257
LG01_23660000_23665000	4998	4896	103	6	6	0.609894645313228
LG01_23685000_23690000	4998	4925	52	6	6	0.4092439052513024
LG01_24135000_24140000	4998	4906	68	6	6	0.5580598707972305
LG01_24270000_24275000	4998	4872	73	6	6	0.7223426642229321
LG01_24345000_24350000	4998	4858	67	6	6	0.6684170213057766
LG01_24380000_24385000	4998	4832	75	6	6	0.9434765006661793
LG01_24500000_24505000	4998	4873	82	6	6	0.7102200153441908
LG01_25440000_25445000	4998	4849	63	6	6	0.8197418776279918
LG01_25850000_25855000	4998	4912	101	6	6	0.5593139379226175
LG02_15000_20000	4998	4956	113	6	6	0.30264819959340444
LG02_245000_250000	4998	4837	67	6	6	0.7227901485052893
LG02_540000_545000	4998	4888	114	6	6	0.3827519487772863
LG02_760000_765000	4998	4974	102	6	6	0.18434786743189413
LG02_1550000_1555000	4998	4776	101	6	6	0.8130867878426333
LG02_2000000_2005000	4998	4770	98	6	6	1.2841647363963238
LG02_2085000_2090000	4998	4798	71	6	6	1.0902023543364623
LG02_2770000_2775000	4998	4710	41	6	6	1.0746427934425282
LG02_3180000_3185000	4998	4765	112	6	6	1.0222135292510808
LG02_3640000_3645000	4998	4872	62	6	6	0.6951712098395464
LG02_5905000_5910000	4998	4768	45	6	6	1.216027089250295
LG02_6070000_6075000	4998	4724	76	6	6	1.11931552435022
LG02_6700000_6705000	4998	4842	43	6	6	0.8310284817564751
LG02_6745000_6750000	4998	4788	60	6	6	0.9466833619722961
LG02_6835000_6840000	4998	4850	64	6	6	0.8080372511243795
LG02_7450000_7455000	4998	4818	58	6	6	0.9618694851718558
LG02_7810000_7815000	4998	4804	44	6	6	0.9318346657801461
LG02_7880000_7885000	4998	4774	70	6	6	0.9832382722651756
LG02_7990000_7995000	4998	4826	24	6	6	0.8841173233978596
LG02_9385000_9390000	4998	4795	128	6	6	1.1942899257435862
LG02_10630000_10635000	4998	4752	89	6	6	1.2475985402105114
LG02_10720000_10725000	4998	4742	83	6	6	1.1197536658998666
LG02_10820000_10825000	4998	4732	79	6	6	1.4208580530635107
LG02_11295000_11300000	4998	4814	97	6	6	1.0479820944484322
LG02_12045000_12050000	4998	4835	139	6	6	1.0086879911863051
LG02_12600000_12605000	4998	4817	84	6	6	1.0396216469458521
LG02_12715000_12720000	4998	4836	54	6	6	0.8690685178932153
LG02_12965000_12970000	4998	4795	55	6	6	1.0835139963343983
LG02_13350000_13355000	4998	4606	54	6	6	0.569559978586133
LG02_14045000_14050000	4998	4803	84	6	6	1.0488231635060836
LG02_14505000_14510000	4998	4750	136	6	6	1.3393547856208772
LG02_15065000_15070000	4998	4644	77	6	6	1.2850806744488568
LG02_15085000_15090000	4998	4689	43	6	6	1.2099610029612482
LG02_15335000_15340000	4998	4830	88	6	6	0.9317718741625669
LG02_15820000_15825000	4998	4837	94	6	6	0.796554790946419
LG02_16595000_16600000	4998	4795	85	6	6	1.0948006004628814
LG02_16830000_16835000	4998	4795	84	6	6	1.141619106477331
LG02_16925000_16930000	4998	4782	78	6	6	1.1738068293622648
LG02_16955000_16960000	4998	4751	59	6	6	1.1843290905474446
LG02_18460000_18465000	4998	4858	56	6	6	0.7775216177399616
LG02_19140000_19145000	4998	4787	66	6	6	1.1320045918493635
LG02_19480000_19485000	4998	4815	120	6	6	1.0509082510743353
LG02_20760000_20765000	4998	4808	75	6	6	1.040875714071239
LG02_20795000_20800000	4998	4731	45	6	6	1.1861014959247371
LG02_21575000_21580000	4998	4902	58	6	6	0.5471912890438763
LG02_21590000_21595000	4998	4774	73	6	6	1.1415112026687366
LG02_21870000_21875000	4998	4783	38	6	6	1.1182098534701062
LG02_22260000_22265000	4998	4816	35	6	6	0.96855784317392
LG02_23660000_23665000	4998	4803	87	6	6	1.073899481706431
LG02_23760000_23765000	4998	4805	56	6	6	1.036695490319949
LG02_23800000_23805000	4998	4846	49	6	6	0.8327005712569913
LG02_24690000_24695000	4998	4852	141	6	6	0.9438945230413083
LG02_26185000_26190000	4998	4872	155	6	6	1.0521623181997222
LG02_27380000_27385000	4998	4802	96	6	6	1.0993988465893005
LG02_27690000_27695000	4998	4824	109	6	6	0.9936391856816607
LG02_27985000_27990000	4998	4790	95	6	6	1.1928565030103793
LG02_28395000_28400000	4998	4798	97	6	6	1.1616841804835234
LG02_31520000_31525000	4998	4917	145	6	6	0.5514180900377659
LG03_1095000_1100000	4998	4790	99	6	6	1.0454779941892154
LG03_1315000_1320000	4998	4884	193	6	6	0.8126354972507986
LG03_1445000_1450000	4998	4874	115	6	6	0.7716693044881555
LG03_2370000_2375000	4998	4874	234	6	6	0.32802227724746863
LG03_2615000_2620000	4998	4756	137	6	6	1.470184693328734
LG03_2635000_2640000	4998	4768	84	6	6	1.2553211925124221
LG03_2870000_2875000	4998	4781	73	6	6	1.1967980599943602
LG03_3150000_3155000	4998	4810	90	6	6	1.0312611994432717
LG03_3875000_3880000	4998	4834	114	6	6	0.8125194966721383
LG03_4210000_4215000	4998	4863	43	6	6	0.7394815816032215
LG03_4340000_4345000	4998	4801	138	6	6	1.2076666417477147
LG03_4720000_4725000	4998	4847	39	6	6	0.8084552734995085
LG03_5255000_5260000	4998	4792	120	6	6	0.9564240470318418
LG03_5560000_5565000	4998	4774	87	6	6	1.1078665525979465
LG03_8115000_8120000	4998	4901	87	6	6	0.5923377055578095
LG03_8160000_8165000	4998	4864	61	6	6	0.7449158724798988
LG03_8910000_8915000	4998	4759	74	6	6	1.0788122575924888
LG03_9480000_9485000	4998	4813	84	6	6	1.039203624570723
LG03_10760000_10765000	4998	4822	85	6	6	1.0320972441935299
LG03_11390000_11395000	4998	4811	67	6	6	1.0521623181997222
LG03_12020000_12025000	4998	4789	157	6	6	0.9732782518618663
LG03_14095000_14100000	4998	4737	85	6	6	0.8977824013836873
LG03_14255000_14260000	4998	4802	76	6	6	1.0605227657023026
LG03_15135000_15140000	4998	4807	116	6	6	1.1261522785975573
LG03_16625000_16630000	4998	4816	43	6	6	0.9777543354267583
LG03_18245000_18250000	4998	4817	50	6	6	0.973574111675468
LG03_18565000_18570000	4998	4822	99	6	6	1.0091060135614343
LG03_19720000_19725000	4998	4751	77	6	6	0.9415136758805388
LG03_20180000_20185000	4998	4585	79	6	6	0.7923463306046282
LG03_21125000_21130000	4998	4755	84	6	6	1.359408763919546
LG03_22105000_22110000	4998	4730	101	6	6	1.2538182844813321
LG04_85000_90000	4998	4787	98	6	6	1.1671184713602005
LG04_870000_875000	4998	4879	123	6	6	0.7010235230913525
LG04_1525000_1530000	4998	4877	71	6	6	0.6914090084633853
LG04_2480000_2485000	4998	4888	153	6	6	0.7461699396052858
LG04_2880000_2885000	4998	4318	71	6	6	0.7228837678129906
LG04_2955000_2960000	4998	4819	116	6	6	0.9225919414126245
LG04_3260000_3265000	4998	4800	103	6	6	1.148725486854524
LG04_3340000_3345000	4998	4945	146	6	6	0.4259648002564629
LG04_3960000_3965000	4998	4772	95	6	6	0.8675590492922921
LG04_4690000_4695000	4998	4819	60	6	6	0.967303776048533
LG04_5900000_5905000	4998	4773	99	6	6	1.2227154472523591
LG04_6215000_6220000	4998	4770	80	6	6	1.2866728706470978
LG04_7070000_7075000	4998	4786	61	6	6	0.9239729542931366
LG04_7255000_7260000	4998	4733	53	6	6	0.7919962534345828
LG04_7810000_7815000	4998	4785	141	6	6	1.2018143284959084
LG04_7990000_7995000	4998	4791	89	6	6	1.1675364937353296
LG04_8385000_8390000	4998	4838	82	6	6	0.8866254576486337
LG04_9015000_9020000	4998	4859	92	6	6	0.7193689783354134
LG04_9025000_9030000	4998	4827	112	6	6	0.9994914989334668
LG04_9125000_9130000	4998	4834	100	6	6	0.9677217984236619
LG04_9470000_9475000	4998	4832	72	6	6	0.9213213147843416
LG04_9625000_9630000	4998	4863	44	6	6	0.7461699396052858
LG04_10525000_10530000	4998	4793	75	6	6	1.1106854507177841
LG04_10755000_10760000	4998	4710	69	6	6	1.1483367158416906
LG04_10845000_10850000	4998	4888	112	6	6	0.6771962477089989
LG04_11295000_11300000	4998	4797	72	6	6	0.9730068015991067
LG04_11455000_11460000	4998	4805	114	6	6	1.116119741594461
LG04_13125000_13130000	4998	4827	64	6	6	0.9397142992900183
LG04_13305000_13310000	4998	4798	42	6	6	0.9393968948081185
LG04_14465000_14470000	4998	4800	59	6	6	1.0504902286992062
LG04_14785000_14790000	4998	4794	169	6	6	1.1006343666468492
LG04_15090000_15095000	4998	4796	79	6	6	1.1207179877208802
LG04_16410000_16415000	4998	4801	61	6	6	1.0860221305851723
LG04_16430000_16435000	4998	4765	71	6	6	1.2369282080067454
LG04_16815000_16820000	4998	4801	52	6	6	1.0226609607044674
LG04_17040000_17045000	4998	4807	45	6	6	1.004925789810144
LG04_17200000_17205000	4998	4737	52	6	6	1.1722385491735614
LG04_17480000_17485000	4998	4781	77	6	6	1.185093433490748
LG04_19205000_19210000	4998	4754	48	6	6	1.2891810048978718
LG04_19470000_19475000	4998	4807	69	6	6	0.9158699600544268
LG04_19790000_19795000	4998	4869	85	6	6	0.7725053492384135
LG04_20280000_20285000	4998	4820	83	6	6	1.0341873560691748
LG04_20575000_20580000	4998	4724	86	6	6	1.3527987483372728
LG04_22030000_22035000	4998	4838	88	6	6	0.9225753819097287
LG04_22110000_22115000	4998	4831	95	6	6	0.9990734765583379
LG04_22405000_22410000	4998	4818	51	6	6	0.9886229171801125
LG04_22690000_22695000	4998	4784	125	6	6	1.2678618637662922
LG04_22900000_22905000	4998	4853	124	6	6	0.8937318380258269
LG04_23055000_23060000	4998	4543	118	6	6	0.661716703290953
LG04_23690000_23695000	4998	4268	84	6	6	0.543836815820948
LG04_24605000_24610000	4998	4829	91	6	6	0.5993580898529616
LG04_24955000_24960000	4998	4862	93	6	6	0.8126354972507986
LG05_310000_315000	4998	4927	72	6	6	0.4426856952616233
LG05_1205000_1210000	4998	4784	71	6	6	1.0456882250346184
LG05_1525000_1530000	4998	4896	113	6	6	0.6157469585650341
LG05_3465000_3470000	4998	4374	53	6	6	0.5852404980853997
LG05_4310000_4315000	4998	4562	64	6	6	1.0267977992443136
LG05_4965000_4970000	4998	4682	88	6	6	0.7908067528703869
LG05_5655000_5660000	4998	4727	91	6	6	1.4777090960810562
LG05_5715000_5720000	4998	4778	66	6	6	0.9575320282921859
LG05_6015000_6020000	4998	4781	101	6	6	1.2126419703451095
LG05_6620000_6625000	4998	4815	137	6	6	1.0621948552028186
LG05_6855000_6860000	4998	4904	111	6	6	0.6170010256904213
LG05_7890000_7895000	4998	4816	67	6	6	1.0312611994432717
LG05_7935000_7940000	4998	4826	114	6	6	1.0333513113189168
LG05_8205000_8210000	4998	4867	55	6	6	0.7018595678416105
LG05_8585000_8590000	4998	4884	195	6	6	0.7587106108591561
LG05_10660000_10665000	4998	4807	80	6	6	1.0504902286992062
LG05_11995000_12000000	4998	4752	73	6	6	1.1864297097218814
LG05_12730000_12735000	4998	4760	105	6	6	1.3915964868044797
LG05_16450000_16455000	4998	4794	47	6	6	1.0881122424608174
LG05_16635000_16640000	4998	4226	58	6	6	0.367919714841858
LG05_16880000_16885000	4998	4480	90	6	6	1.1822548863446622
LG05_17490000_17495000	4998	4682	76	6	6	0.8920697796787065
LG05_18225000_18230000	4998	4820	179	6	6	1.1901097019922962
LG05_18870000_18875000	4998	4853	119	6	6	0.7800131117755618
LG05_19315000_19320000	4998	4753	58	6	6	1.2806859059571492
LG05_19510000_19515000	4998	4729	75	6	6	1.1599097647931853
LG05_19815000_19820000	4998	4968	170	6	6	0.3486306608575957
LG05_20735000_20740000	4998	4856	146	6	6	0.4996094378226696
LG06_300000_305000	4998	4772	36	6	6	1.1633562699840394
LG06_1315000_1320000	4998	4786	71	6	6	1.1370208603509118
LG06_1370000_1375000	4998	4576	57	6	6	1.2051501295954765
LG06_2590000_2595000	4998	4982	133	6	6	0.17180719617802379
LG06_2800000_2805000	4998	4923	73	6	6	0.32853683888190904
LG06_3290000_3295000	4998	4918	40	6	6	0.47947166427297633
LG06_3375000_3380000	4998	4762	109	6	6	1.1188333444702987
LG06_3465000_3470000	4998	4780	101	6	6	1.2105927983736178
LG06_3810000_3815000	4998	4820	57	6	6	0.9472387020423404
LG06_3835000_3840000	4998	4801	79	6	6	1.1014889584649457
LG06_4210000_4215000	4998	4857	79	6	6	0.7649809464860914
LG06_4545000_4550000	4998	4820	78	6	6	0.9247957799407991
LG06_6405000_6410000	4998	4768	67	6	6	1.2335840290057134
LG06_6425000_6430000	4998	4798	151	6	6	1.1637742923591683
LG06_6710000_6715000	4998	4823	47	6	6	0.9472387020423404
LG06_8510000_8515000	4998	4824	68	6	6	0.9409683664154053
LG06_12850000_12855000	4998	4777	108	6	6	1.218953245876198
LG06_12915000_12920000	4998	4842	94	6	6	0.9075265764050843
LG06_13730000_13735000	4998	4868	68	6	6	0.7499321409814469
LG06_13835000_13840000	4998	4873	51	6	6	0.7026956125918685
LG06_15785000_15790000	4998	4946	28	6	6	0.29177961784005013
LG06_15840000_15845000	4998	4944	23	6	6	0.29052555071466307
LG06_16655000_16660000	4998	4822	29	6	6	0.9246654937853738
LG06_16695000_16700000	4998	4752	69	6	6	1.0446379154474001
LG06_17815000_17820000	4998	4729	142	6	6	1.276357598510278
LG06_18185000_18190000	4998	4623	66	6	6	0.7965006954726231
LG06_20410000_20415000	4998	4715	122	6	6	1.5980995401182114
LG06_20460000_20465000	4998	4010	51	6	6	1.1952230807668371
LG06_20630000_20635000	4998	4667	121	6	6	0.9935320804462421
LG06_21335000_21340000	4998	4755	97	6	6	1.2520509208100938
LG06_21345000_21350000	4998	4799	94	6	6	1.181749254489716
LG06_21390000_21395000	4998	4773	90	6	6	1.25197701351139
LG06_21485000_21490000	4998	4822	61	6	6	0.9535090376692756
LG06_22750000_22755000	4998	4812	110	6	6	1.0931285109623654
LG06_23015000_23020000	4998	4547	93	6	6	0.6439610395698135
LG07_720000_725000	4998	4924	180	6	6	0.4713789427436087
LG07_3085000_3090000	4998	4576	86	6	6	0.352970260738896
LG07_3875000_3880000	4998	4745	50	6	6	1.327221041034612
LG07_4945000_4950000	4998	4797	121	6	6	1.1984701494948764
LG07_5440000_5445000	4998	4818	110	6	6	0.9410773901476679
LG07_5505000_5510000	4998	4826	98	6	6	1.0229007519406916
LG07_5535000_5540000	4998	4770	49	6	6	0.894496362223762
LG07_5625000_5630000	4998	4709	106	6	6	1.0828850389624511
LG07_6355000_6360000	4998	4766	44	6	6	1.2277317157539072
LG07_6550000_6555000	4998	4775	83	6	6	1.257411304388067
LG07_7460000_7465000	4998	4749	50	6	6	1.2912101081025522
LG07_8765000_8770000	4998	4796	58	6	6	1.0366731801370066
LG07_8835000_8840000	4998	4774	58	6	6	1.223969514377746
LG07_9100000_9105000	4998	4865	62	6	6	0.7453338948550278
LG07_9160000_9165000	4998	4830	61	6	6	0.9150509791574064
LG07_9695000_9700000	4998	4751	73	6	6	1.2242703091040845
LG07_10315000_10320000	4998	4809	55	6	6	1.0116141478122083
LG07_11675000_11680000	4998	4727	112	6	6	1.5007003267131518
LG07_11875000_11880000	4998	4799	75	6	6	1.0818419068338823
LG07_11970000_11975000	4998	4718	62	6	6	1.0912032937260447
LG07_12050000_12055000	4998	4813	125	6	6	1.0534163853251095
LG07_13075000_13080000	4998	4820	112	6	6	1.0446379154474001
LG07_13125000_13130000	4998	4815	97	6	6	0.8998470235256019
LG07_13695000_13700000	4998	4761	131	6	6	0.8936342339464163
LG07_13960000_13965000	4998	4812	88	6	6	1.1054967009119032
LG07_14260000_14265000	4998	4847	115	6	6	0.9476567244174695
LG07_14425000_14430000	4998	4818	35	6	6	0.9547631047946626
LG07_15265000_15270000	4998	4809	52	6	6	1.0061798569355311
LG07_15550000_15555000	4998	4779	135	6	6	1.255739214887551
LG07_16240000_16245000	4998	4912	42	6	6	0.4978646487786529
LG07_16605000_16610000	4998	4805	112	6	6	0.8428184396805268
LG07_16690000_16695000	4998	4767	122	6	6	1.327639063409741
LG07_16755000_16760000	4998	4824	67	6	6	0.970647955049565
LG07_16975000_16980000	4998	4760	130	6	6	1.2451494831052798
LG07_17650000_17655000	4998	4839	46	6	6	0.6520293948747742
LG07_18390000_18395000	4998	4738	63	6	6	1.3828180169267705
LG07_18940000_18945000	4998	4749	77	6	6	1.3176065264066448
LG07_18960000_18965000	4998	4794	129	6	6	1.0616529307603377
LG07_20625000_20630000	4998	4755	82	6	6	1.327639063409741
LG07_22365000_22370000	4998	4779	53	6	6	1.0578718162463518
LG07_22520000_22525000	4998	4851	109	6	6	0.8820272115222145
LG07_23275000_23280000	4998	4813	115	6	6	1.0580146314515284
LG07_23570000_23575000	4998	4786	57	6	6	1.118627875845235
LG07_23590000_23595000	4998	4801	51	6	6	1.0609407880774318
LG08_125000_130000	4998	4988	76	6	6	0.1902001806837003
LG08_150000_155000	4998	4929	66	6	6	0.43098106875801095
LG08_515000_520000	4998	4776	60	6	6	1.0650139214394367
LG08_1385000_1390000	4998	4785	90	6	6	1.1800771649892
LG08_1715000_1720000	4998	4776	89	6	6	0.9265961538272067
LG08_1895000_1900000	4998	4782	114	6	6	0.8406402753274848
LG08_2120000_2125000	4998	4766	96	6	6	1.1236016764417107
LG08_2380000_2385000	4998	4726	69	6	6	0.9423313193526742
LG08_2535000_2540000	4998	4815	90	6	6	0.9891500325863937
LG08_4010000_4015000	4998	4794	52	6	6	1.028082971551644
LG08_4620000_4625000	4998	4782	101	6	6	1.0885408561931285
LG08_4705000_4710000	4998	4793	83	6	6	1.1641923147342974
LG08_4815000_4820000	4998	4782	64	6	6	1.0490456703648996
LG08_5775000_5780000	4998	4835	74	6	6	0.8849533681481176
LG08_6375000_6380000	4998	4851	63	6	6	0.8122174748756695
LG08_6625000_6630000	4998	4822	76	6	6	0.9647956417977589
LG08_6755000_6760000	4998	4735	82	6	6	0.8686426228346652
LG08_6790000_6795000	4998	4774	94	6	6	1.2273136933787783
LG08_7065000_7070000	4998	4738	99	6	6	1.1716827690028213
LG08_7095000_7100000	4998	4742	89	6	6	1.0463323808414755
LG08_7125000_7130000	4998	4810	77	6	6	1.035023400819433
LG08_7855000_7860000	4998	4696	77	6	6	1.3095562272707728
LG08_8650000_8655000	4998	4764	54	6	6	0.6490455245156798
LG08_9170000_9175000	4998	4727	93	6	6	1.3645622157141186
LG08_9300000_9305000	4998	4779	69	6	6	1.1729707846120065
LG08_9940000_9945000	4998	4808	49	6	6	0.9953112751821768
LG08_10455000_10460000	4998	4822	95	6	6	0.8791424033097742
LG08_10870000_10875000	4998	4577	69	6	6	0.792085648838067
LG08_11630000_11635000	4998	4787	126	6	6	1.1955439928689733
LG08_11945000_11950000	4998	4783	63	6	6	1.1717167174866197
LG08_11990000_11995000	4998	4762	92	6	6	0.8455983779060147
LG08_12625000_12630000	4998	4848	68	6	6	0.8301924370062173
LG08_13115000_13120000	4998	4847	68	6	6	0.8335366160072492
LG08_13225000_13230000	4998	4737	55	6	6	1.2679337336900276
LG08_15310000_15315000	4998	4804	75	6	6	1.0258269085665945
LG08_16580000_16585000	4998	4853	81	6	6	0.8189058328777338
LG08_16600000_16605000	4998	4795	79	6	6	1.010005555381332
LG08_16655000_16660000	4998	4790	75	6	6	0.7695322552778006
LG08_16925000_16930000	4998	4799	96	6	6	1.077821025749107
LG08_17325000_17330000	4998	4706	95	6	6	1.4516915550011344
LG08_17340000_17345000	4998	4833	102	6	6	0.9175591134081806
LG08_18655000_18660000	4998	4847	86	6	6	0.864052249391667
LG08_19175000_19180000	4998	4839	119	6	6	0.9125428449066324
LG08_19215000_19220000	4998	4781	82	6	6	1.179659142614071
LG08_19735000_19740000	4998	4836	129	6	6	0.8503306418119998
LG08_20975000_20980000	4998	4273	80	6	6	0.7675279488155009
LG08_22345000_22350000	4998	4606	68	6	6	0.8256648897294087
LG08_22840000_22845000	4998	4367	68	6	6	0.4150222497980858
LG08_22885000_22890000	4998	4214	58	6	6	0.5176923562333736
LG08_22995000_23000000	4998	4866	92	6	6	0.8101273630000246
LG08_23685000_23690000	4998	4806	97	6	6	1.0889482872110754
LG08_23795000_23800000	4998	4847	123	6	6	0.969393887924178
LG08_25260000_25265000	4998	4501	52	6	6	0.52596516336226
LG08_26185000_26190000	4998	4868	144	6	6	0.8218319895036369
LG08_26850000_26855000	4998	4856	167	6	6	0.9367881426641151
LG09_425000_430000	4998	4955	78	6	6	0.286345326963373
LG09_1280000_1285000	4998	4772	102	6	6	1.2741321993932275
LG09_1745000_1750000	4998	4645	127	6	6	0.7116637008665436
LG09_1760000_1765000	4998	4882	121	6	6	0.7817018414912518
LG09_2630000_2635000	4998	4789	164	6	6	1.226469088443364
LG09_2665000_2670000	4998	4366	112	6	6	0.8363626486298319
LG09_2680000_2685000	4998	4771	157	6	6	1.1341541798268862
LG09_2735000_2740000	4998	4794	64	6	6	1.111103473092913
LG09_2960000_2965000	4998	4860	106	6	6	0.5683438295037189
LG09_3520000_3525000	4998	4735	91	6	6	1.346076766979075
LG09_4050000_4055000	4998	4855	62	6	6	0.7783576624902198
LG09_4115000_4120000	4998	4735	67	6	6	1.0480309740440623
LG09_4750000_4755000	4998	4837	130	6	6	0.9802624696775323
LG09_5905000_5910000	4998	4779	75	6	6	1.1859294782410061
LG09_8045000_8050000	4998	4778	91	6	6	1.0765866001854292
LG09_8145000_8150000	4998	4783	96	6	6	1.2302398500046812
LG09_8280000_8285000	4998	4842	129	6	6	0.8217622210396601
LG09_8380000_8385000	4998	4815	85	6	6	0.9234321890823991
LG09_8420000_8425000	4998	4768	152	6	6	1.2986027736368042
LG09_8450000_8455000	4998	4456	51	6	6	0.8306156471182028
LG09_8460000_8465000	4998	4797	66	6	6	1.0074569560598696
LG09_9605000_9610000	4998	4779	128	6	6	1.2578293267631961
LG09_10935000_10940000	4998	4807	28	6	6	0.9986554541832089
LG09_11000000_11005000	4998	4784	77	6	6	1.0320316654621136
LG09_12070000_12075000	4998	4784	50	6	6	1.1130256228250377
LG09_12550000_12555000	4998	4821	58	6	6	0.966885753673404
LG09_13270000_13275000	4998	4771	70	6	6	0.9576551302484654
LG09_13290000_13295000	4998	4804	65	6	6	1.0471460496981742
LG09_13355000_13360000	4998	4761	43	6	6	1.1255117536632153
LG09_13370000_13375000	4998	4709	67	6	6	1.4095154660470652
LG09_13590000_13595000	4998	4787	100	6	6	1.2001422389953924
LG09_13690000_13695000	4998	4772	115	6	6	1.2753862665186144
LG09_14895000_14900000	4998	4781	113	6	6	1.0931622183768892
LG09_16205000_16210000	4998	4751	88	6	6	1.1707693630089788
LG09_16755000_16760000	4998	4825	82	6	6	0.9815165368029193
LG09_17755000_17760000	4998	4772	47	6	6	1.1779870531135548
LG09_18065000_18070000	4998	4762	85	6	6	1.2884146864138746
LG09_19195000_19200000	4998	4830	93	6	6	0.9572712390454367
LG09_19390000_19395000	4998	4757	99	6	6	1.324294884408709
LG09_19565000_19570000	4998	4783	106	6	6	1.134573630022342
LG09_21105000_21110000	4998	4767	73	6	6	1.287926937772485
LG09_22060000_22065000	4998	4828	40	6	6	0.9242474714102448
LG09_22285000_22290000	4998	4795	41	6	6	1.0642849670784635
LG09_22470000_22475000	4998	4784	39	6	6	1.10817731646701
LG09_22560000_22565000	4998	4653	101	6	6	0.5816508688328832
LG09_24330000_24335000	4998	4833	86	6	6	0.9484927691677274
LG09_25070000_25075000	4998	4853	85	6	6	0.8439871753854744
LG09_25135000_25140000	4998	4827	61	6	6	0.9267556056610188
LG09_25910000_25915000	4998	4767	39	6	6	1.217281156375682
LG09_26285000_26290000	4998	4960	45	6	6	0.10059164455758607
LG09_26570000_26575000	4998	4937	87	6	6	0.4560624112657517
LG09_26650000_26655000	4998	4913	66	6	6	0.5810511014293261
LG09_26900000_26905000	4998	4850	37	6	6	0.7837919533668968
LG10_270000_275000	4998	4796	54	6	6	0.6222288174308817
LG10_790000_795000	4998	4806	85	6	6	1.0659570565789798
LG10_1055000_1060000	4998	4856	88	6	6	0.8138895643761856
LG10_1315000_1320000	4998	4798	163	6	6	0.6647306456639464
LG10_2180000_2185000	4998	4645	78	6	6	1.3582429174671922
LG10_2205000_2210000	4998	4777	109	6	6	1.3201146606574188
LG10_2695000_2700000	4998	4732	89	6	6	1.1110281017489303
LG10_4170000_4175000	4998	4786	77	6	6	1.1717167174866197
LG10_4990000_4995000	4998	4773	127	6	6	1.3414338017889984
LG10_5575000_5580000	4998	4841	69	6	6	0.628302836776771
LG10_5695000_5700000	4998	4812	107	6	6	1.0642849670784635
LG10_5800000_5805000	4998	4770	150	6	6	1.2158383781639959
LG10_6175000_6180000	4998	4778	56	6	6	0.9918061369309187
LG10_7065000_7070000	4998	4487	83	6	6	0.9654918658913336
LG10_7935000_7940000	4998	4839	42	6	6	0.8569458690144739
LG10_7970000_7975000	4998	4799	92	6	6	1.1044151150908488
LG10_9590000_9595000	4998	4834	102	6	6	0.8368866790956047
LG10_10495000_10500000	4998	4764	90	6	6	0.8492472051008815
LG10_10505000_10510000	4998	4757	32	6	6	1.2515589911362608
LG10_10635000_10640000	4998	4725	47	6	6	1.2798864216630654
LG10_12510000_12515000	4998	4797	54	6	6	1.0835139963343983
LG10_12655000_12660000	4998	4359	74	6	6	1.2036942369306156
LG10_12815000_12820000	4998	4785	62	6	6	1.149143509229653
LG10_13510000_13515000	4998	4833	50	6	6	0.8853713905232466
LG10_13865000_13870000	4998	4827	55	6	6	0.9196492252838256
LG10_14155000_14160000	4998	4710	63	6	6	1.1258780790672915
LG10_16860000_16865000	4998	4811	54	6	6	0.9940572080567898
LG10_17940000_17945000	4998	4857	70	6	6	0.7883901994933159
LG10_18155000_18160000	4998	4776	119	6	6	0.9703685396479191
LG10_19305000_19310000	4998	4729	98	6	6	1.051240112262664
LG10_19950000_19955000	4998	4048	107	6	6	0.6286047921442204
LG10_20050000_20055000	4998	4856	108	6	6	0.827266280380314
LG10_21590000_21595000	4998	4512	109	6	6	0.9284174600776077
LG11_50000_55000	4998	4583	130	6	6	0.3095559671236702
LG11_1615000_1620000	4998	4714	87	6	6	0.9852008830089274
LG11_2150000_2155000	4998	4803	100	6	6	1.1253162338472993
LG11_3250000_3255000	4998	4745	94	6	6	1.4417591718199612
LG11_4110000_4115000	4998	4486	79	6	6	1.1851421611202997
LG11_5990000_5995000	4998	4828	54	6	6	0.9004201960278911
LG11_6010000_6015000	4998	4765	51	6	6	1.081225475287949
LG11_6100000_6105000	4998	4798	63	6	6	1.0914564214618494
LG11_6255000_6260000	4998	4802	91	6	6	1.109013361217268
LG11_6435000_6440000	4998	4829	53	6	6	0.8870434800237628
LG11_6910000_6915000	4998	4764	42	6	6	0.9447859316298276
LG11_7010000_7015000	4998	4760	56	6	6	1.2720420875175826
LG11_9390000_9395000	4998	4785	48	6	6	1.1349307484752666
LG11_9965000_9970000	4998	4816	61	6	6	0.9902950066806285
LG11_10745000_10750000	4998	4804	44	6	6	1.0496541839489482
LG11_10835000_10840000	4998	4808	91	6	6	1.1198819429706222
LG11_11075000_11080000	4998	4085	66	6	6	1.0448837704522125
LG11_11255000_11260000	4998	4742	52	6	6	1.3431058912895144
LG11_11640000_11645000	4998	4735	33	6	6	1.3527204059174818
LG11_11975000_11980000	4998	4794	71	6	6	1.1303325023488475
LG11_12845000_12850000	4998	4772	116	6	6	1.3079920117786774
LG11_15165000_15170000	4998	4830	80	6	6	0.9522549705438886
LG11_15375000_15380000	4998	4577	97	6	6	1.131471797587864
LG11_15430000_15435000	4998	4825	95	6	6	1.0149583268132403
LG11_16205000_16210000	4998	4847	45	6	6	0.7996768036217994
LG11_16760000_16765000	4998	4771	53	6	6	0.9717856654313595
LG11_17935000_17940000	4998	4819	121	6	6	1.0500722063240773
LG11_18395000_18400000	4998	4807	48	6	6	0.9003253781635948
LG11_20145000_20150000	4998	4815	113	6	6	1.0333513113189168
LG12_195000_200000	4998	4842	73	6	6	0.5665761151122198
LG12_435000_440000	4998	4832	69	6	6	0.9409683664154053
LG12_1070000_1075000	4998	4845	62	6	6	0.8406429963844425
LG12_1910000_1915000	4998	4545	47	6	6	0.5384406091276476
LG12_3340000_3345000	4998	4768	126	6	6	1.356482607293643
LG12_3740000_3745000	4998	4832	82	6	6	0.8125194966721383
LG12_4065000_4070000	4998	4798	99	6	6	0.9891480945866127
LG12_4555000_4560000	4998	4775	72	6	6	1.2323299618803263
LG12_4685000_4690000	4998	4767	80	6	6	1.2672039430877753
LG12_6035000_6040000	4998	4692	107	6	6	1.690900507396852
LG12_7225000_7230000	4998	4761	77	6	6	1.1557606697751046
LG12_7315000_7320000	4998	4805	99	6	6	1.1336766813498795
LG12_7425000_7430000	4998	4705	33	6	6	1.506552639964958
LG12_8920000_8925000	4998	4760	53	6	6	1.2645176847652604
LG12_9005000_9010000	4998	4759	86	6	6	1.1697757370079402
LG12_10190000_10195000	4998	4788	43	6	6	1.1131935849685581
LG12_10285000_10290000	4998	4755	99	6	6	1.3410157794138695
LG12_12030000_12035000	4998	4831	33	6	6	0.8991661289025041
LG12_12360000_12365000	4998	4713	104	6	6	1.0386440913423742
LG12_12655000_12660000	4998	4738	43	6	6	1.3690232785475132
LG12_13745000_13750000	4998	4695	77	6	6	1.049130521678077
LG12_15010000_15015000	4998	4821	54	6	6	0.41230085415408635
LG12_16185000_16190000	4998	4734	103	6	6	1.4538818206987025
LG12_16385000_16390000	4998	4799	55	6	6	1.116119741594461
LG12_16925000_16930000	4998	4776	100	6	6	1.2365101856316165
LG12_17765000_17770000	4998	4741	95	6	6	1.441341149444832
LG12_17990000_17995000	4998	4700	78	6	6	1.5830507346135672
LG12_18075000_18080000	4998	4762	67	6	6	1.2762223112688726
LG12_18260000_18265000	4998	4714	77	6	6	1.5588054368560844
LG12_18690000_18695000	4998	4700	51	6	6	0.9726530221762093
LG12_18700000_18705000	4998	4801	42	6	6	1.03627746794482
LG12_19570000_19575000	4998	4908	18	6	6	0.4736193510211702
LG12_19880000_19885000	4998	4785	72	6	6	1.1629382476089105
LG12_19895000_19900000	4998	4853	107	6	6	0.8039224744731698
LG12_21315000_21320000	4998	4832	93	6	6	0.9476567244174695
LG12_21785000_21790000	4998	4745	20	6	6	1.0033938592594587
LG12_21850000_21855000	4998	4813	70	6	6	1.0249908638163365
LG12_23280000_23285000	4998	4832	85	6	6	1.0128682149375952
LG12_23415000_23420000	4998	4840	102	6	6	0.9275916504112769
LG12_23815000_23820000	4998	4791	122	6	6	1.2415264541331645
LG12_24115000_24120000	4998	4783	137	6	6	1.1015646950746363
LG12_24820000_24825000	4998	4918	103	6	6	0.5154215885340713
LG12_25465000_25470000	4998	4470	107	6	6	0.8555518540802057
LG13_590000_595000	4998	4830	94	6	6	1.0279170204422396
LG13_735000_740000	4998	4899	164	6	6	0.6943351650892884
LG13_830000_835000	4998	4775	55	6	6	1.1947079481187153
LG13_1360000_1365000	4998	4745	57	6	6	1.3493762269164495
LG13_1440000_1445000	4998	4836	62	6	6	0.8841173233978596
LG13_1495000_1500000	4998	4861	76	6	6	0.7477848965888002
LG13_2275000_2280000	4998	4813	72	6	6	1.0166304163137563
LG13_2685000_2690000	4998	4861	122	6	6	0.8017669154974443
LG13_2940000_2945000	4998	4741	70	6	6	1.394104621055254
LG13_3715000_3720000	4998	4916	16	6	6	0.430563046382882
LG13_4090000_4095000	4998	4495	70	6	6	1.0515708581532168
LG13_4835000_4840000	4998	4817	91	6	6	1.0509082510743353
LG13_5505000_5510000	4998	4810	58	6	6	1.0258269085665945
LG13_5935000_5940000	4998	4812	102	6	6	1.0718093698307858
LG13_6370000_6375000	4998	4853	72	6	6	0.8059471392487345
LG13_6395000_6400000	4998	4847	66	6	6	0.8189058328777338
LG13_7345000_7350000	4998	4802	84	6	6	1.1182098534701062
LG13_7620000_7625000	4998	4812	69	6	6	1.0634489223282058
LG13_8645000_8650000	4998	4656	74	6	6	0.8552183684613147
LG13_9235000_9240000	4998	4741	47	6	6	1.3502122716667078
LG13_9795000_9800000	4998	4809	91	6	6	1.1123575402183
LG13_10320000_10325000	4998	4828	61	6	6	0.9514189257936305
LG13_11095000_11100000	4998	4700	126	6	6	1.3222888862739275
LG13_11120000_11125000	4998	4745	103	6	6	1.3832360393018996
LG13_11355000_11360000	4998	4879	74	6	6	0.6976793440903205
LG13_12520000_12525000	4998	4796	98	6	6	1.0733817183026508
LG13_12755000_12760000	4998	4721	79	6	6	1.4735288723297661
LG13_13755000_13760000	4998	3953	64	6	6	1.1381308552485379
LG13_14415000_14420000	4998	4778	34	6	6	1.1211360100960093
LG13_16640000_16645000	4998	4743	85	6	6	1.4070633146842533
LG13_16810000_16815000	4998	4804	53	6	6	1.0320972441935299
LG13_17650000_17655000	4998	4866	33	6	6	0.6960072545898044
LG13_17985000_17990000	4998	4838	33	6	6	0.8381348621336683
LG13_18125000_18130000	4998	4735	86	6	6	1.4601521563256377
LG13_18225000_18230000	4998	4715	96	6	6	1.537486295724505
LG13_19245000_19250000	4998	4756	121	6	6	1.4120795831858015
LG13_19650000_19655000	4998	4825	76	6	6	0.8452891557933516
LG13_19755000_19760000	4998	4827	59	6	6	0.8017233206534103
LG13_19780000_19785000	4998	4687	27	6	6	0.6819556057211159
LG13_19805000_19810000	4998	4887	61	6	6	0.6228533389422274
LG13_20665000_20670000	4998	4782	149	6	6	1.3669331666718683
LG13_21070000_21075000	4998	4852	84	6	6	0.8632162046414091
LG13_21130000_21135000	4998	4783	99	6	6	1.1570277032193403
LG13_21175000_21180000	4998	4350	112	6	6	1.037449508038106
LG13_22435000_22440000	4998	4817	62	6	6	0.9969833646826928
LG13_22805000_22810000	4998	4889	78	6	6	0.6412463234479039
LG13_23340000_23345000	4998	4765	94	6	6	0.7118537754084643
LG13_23980000_23985000	4998	4870	124	6	6	0.790062288993832
LG13_24255000_24260000	4998	4867	156	6	6	0.8770109430206664
LG13_24720000_24725000	4998	4628	166	6	6	0.7228195442900918
LG13_26345000_26350000	4998	4195	72	6	6	0.38004734718444527
LG14_680000_685000	4998	4842	99	6	6	1.0120321701873372
LG14_1335000_1340000	4998	4926	155	6	6	0.6078045334375829
LG14_2345000_2350000	4998	4842	104	6	6	0.8347869882783765
LG14_2925000_2930000	4998	4260	121	6	6	1.0121486091099896
LG14_2965000_2970000	4998	4854	121	6	6	0.8464953096362486
LG14_4005000_4010000	4998	4852	72	6	6	0.8306104593813461
LG14_4220000_4225000	4998	4828	54	6	6	0.9213213147843416
LG14_4805000_4810000	4998	4749	66	6	6	1.3443599584149015
LG14_6685000_6690000	4998	4833	30	6	6	0.8719946745191184
LG14_6875000_6880000	4998	4744	94	6	6	1.4183499188127366
LG14_7285000_7290000	4998	4812	54	6	6	0.8461294034631264
LG14_7560000_7565000	4998	4788	75	6	6	1.1625202252337814
LG14_7575000_7580000	4998	4789	74	6	6	1.1612661581083943
LG14_7710000_7715000	4998	4809	53	6	6	1.0224827295655625
LG14_7790000_7795000	4998	4859	84	6	6	0.8013488931223154
LG14_8095000_8100000	4998	4786	51	6	6	0.9940129933434741
LG14_9415000_9420000	4998	4761	66	6	6	1.2866728706470978
LG14_9925000_9930000	4998	4754	76	6	6	1.3347454437869342
LG14_11405000_11410000	4998	4767	75	6	6	1.218953245876198
LG14_12685000_12690000	4998	4790	88	6	6	1.0800671363405592
LG14_13530000_13535000	4998	4758	48	6	6	1.2649357071403893
LG14_13570000_13575000	4998	4871	61	6	6	0.715654306220868
LG14_13645000_13650000	4998	4833	34	6	6	0.6999326564822831
LG14_14080000_14085000	4998	4747	70	6	6	1.365679099546481
LG14_14315000_14320000	4998	4831	74	6	6	0.9275916504112769
LG14_14380000_14385000	4998	4788	67	6	6	1.110267428342655
LG14_14745000_14750000	4998	4738	78	6	6	1.4124976055609304
LG14_14900000_14905000	4998	4790	62	6	6	0.9089487630577016
LG14_15110000_15115000	4998	4792	79	6	6	1.177569030738426
LG14_17805000_17810000	4998	4787	86	6	6	1.147471419729137
LG14_18125000_18130000	4998	4750	63	6	6	1.3451960031651595
LG14_18360000_18365000	4998	4739	52	6	6	1.270874600534239
LG14_20250000_20255000	4998	4722	105	6	6	1.5391583852250208
LG14_21170000_21175000	4998	4825	83	6	6	0.9815165368029193
LG15_190000_195000	4998	4823	75	6	6	0.973574111675468
LG15_705000_710000	4998	4913	15	6	6	0.2147065208813756
LG15_885000_890000	4998	4761	68	6	6	1.0465376408947686
LG15_1805000_1810000	4998	4878	61	6	6	0.6960072545898044
LG15_2080000_2085000	4998	4864	54	6	6	0.7390635592280926
LG15_2610000_2615000	4998	4801	68	6	6	1.073063436956173
LG15_4870000_4875000	4998	4886	31	6	6	0.5986080411847446
LG15_5370000_5375000	4998	4697	95	6	6	1.6365575986300804
LG15_5500000_5505000	4998	4750	82	6	6	1.361080853420062
LG15_6120000_6125000	4998	4764	74	6	6	1.257411304388067
LG15_6330000_6335000	4998	4786	61	6	6	1.0293033954740118
LG15_7075000_7080000	4998	4861	30	6	6	0.5948953502004901
LG15_7220000_7225000	4998	4803	57	6	6	1.0847680634597854
LG15_8590000_8595000	4998	4804	57	6	6	1.0266629533168525
LG15_8615000_8620000	4998	4739	70	6	6	1.4124976055609304
LG15_9205000_9210000	4998	4438	53	6	6	0.7181312447720055
LG15_9320000_9325000	4998	4537	53	6	6	0.9479327668584198
LG15_9395000_9400000	4998	4754	78	6	6	1.155697867321675
LG15_10365000_10370000	4998	4818	73	6	6	1.0174664610640143
LG15_11120000_11125000	4998	4824	59	6	6	0.9313538517874379
LG15_11635000_11640000	4998	4759	54	6	6	1.2620095505144862
LG15_12840000_12845000	4998	4754	45	6	6	1.2987955195258392
LG15_12940000_12945000	4998	4803	94	6	6	1.0985628018390428
LG15_13440000_13445000	4998	4529	96	6	6	1.0252639016669858
LG15_13880000_13885000	4998	4758	87	6	6	1.3380896227879664
LG15_14365000_14370000	4998	4832	28	6	6	0.862380159891151
LG15_15840000_15845000	4998	4865	112	6	6	0.6835414793617213
LG15_16165000_16170000	4998	4791	102	6	6	1.1763149636130388
LG15_16730000_16735000	4998	4768	93	6	6	1.2787304455196467
LG15_17320000_17325000	4998	4655	114	6	6	1.1887704120186025
LG15_17480000_17485000	4998	4851	113	6	6	0.767986370174079
LG15_18165000_18170000	4998	4799	93	6	6	1.1202999653457513
LG15_18370000_18375000	4998	4739	68	6	6	1.2839947019480216
LG15_19380000_19385000	4998	4748	80	6	6	1.3861621959278028
LG15_21360000_21365000	4998	4777	95	6	6	1.2712060427673244
LG15_21525000_21530000	4998	4863	168	6	6	0.8066377629837154
LG15_21570000_21575000	4998	4152	52	6	6	0.6140876676770397
LG16_275000_280000	4998	4823	74	6	6	0.9836066486785644
LG16_560000_565000	4998	4866	53	6	6	0.7311211341006414
LG16_1310000_1315000	4998	4725	105	6	6	1.0665474461521611
LG16_1510000_1515000	4998	4740	57	6	6	1.3543924954179978
LG16_1925000_1930000	4998	4779	92	6	6	1.1690045654896222
LG16_2135000_2140000	4998	4760	71	6	6	1.3013036537766132
LG16_2285000_2290000	4998	4802	117	6	6	1.108595338842139
LG16_2535000_2540000	4998	4713	54	6	6	1.2775297285843001
LG16_2610000_2615000	4998	4713	65	6	6	1.1471282898453474
LG16_2770000_2775000	4998	4838	83	6	6	0.898748106527375
LG16_3560000_3565000	4998	4809	45	6	6	0.9957292975573058
LG16_3570000_3575000	4998	4767	48	6	6	1.1304152508053578
LG16_4205000_4210000	4998	4720	66	6	6	1.3738049400816401
LG16_4685000_4690000	4998	4716	91	6	6	1.2630372205793905
LG16_5550000_5555000	4998	4749	63	6	6	1.3376716004128373
LG16_7495000_7500000	4998	4747	83	6	6	1.3397617122884824
LG16_7885000_7890000	4998	4770	119	6	6	1.2724601098927115
LG16_8190000_8195000	4998	4800	93	6	6	1.0948006004628814
LG16_8300000_8305000	4998	4754	45	6	6	1.2937792510242911
LG16_8805000_8810000	4998	4810	70	6	6	1.0458919825727873
LG16_10185000_10190000	4998	4815	56	6	6	0.9856967605542094
LG16_11825000_11830000	4998	4788	69	6	6	0.6595916754264572
LG16_12525000_12530000	4998	4819	92	6	6	1.047564072073303
LG16_13460000_13465000	4998	4857	89	6	6	0.857363891389603
LG16_13715000_13720000	4998	4868	33	6	6	0.6997694559659655
LG16_13825000_13830000	4998	4858	33	6	6	0.7415716934788668
LG16_13880000_13885000	4998	4882	55	6	6	0.648352703825097
LG16_14270000_14275000	4998	4809	105	6	6	0.9519210562852012
LG16_15900000_15905000	4998	4785	71	6	6	1.1913637691176833
LG16_16035000_16040000	4998	4756	75	6	6	1.2082761491360237
LG16_16915000_16920000	4998	4786	104	6	6	1.2268956710036492
LG16_18790000_18795000	4998	4735	50	6	6	0.7618045603611895
LG16_19315000_19320000	4998	4776	22	6	6	1.1345127261001378
LG16_19810000_19815000	4998	4777	95	6	6	1.119209896139905
LG16_24085000_24090000	4998	4825	116	6	6	0.5573674866021616
LG16_24105000_24110000	4998	4595	116	6	6	0.5971913799904692
LG17_185000_190000	4998	4121	122	6	6	0.4546922658637254
LG17_1020000_1025000	4998	4550	178	6	6	1.3846555937470477
LG17_1585000_1590000	4998	4820	147	6	6	1.0525803405748513
LG17_1685000_1690000	4998	4690	106	6	6	0.8910845646342718
LG17_2765000_2770000	4998	4814	82	6	6	1.0170484386888854
LG17_4840000_4845000	4998	4832	70	6	6	0.935116053163599
LG17_5485000_5490000	4998	4756	69	6	6	1.3017216761517423
LG17_7200000_7205000	4998	4780	100	6	6	1.0961030852211007
LG17_7555000_7560000	4998	4771	53	6	6	1.2135189549995207
LG17_7715000_7720000	4998	4756	67	6	6	1.3050658551527745
LG17_7970000_7975000	4998	4313	122	6	6	1.1623632573664167
LG17_7980000_7985000	4998	4838	74	6	6	0.863634227016538
LG17_10375000_10380000	4998	4823	36	6	6	0.9382299308641048
LG17_10755000_10760000	4998	4387	78	6	6	0.7907119696805494
LG17_10765000_10770000	4998	4786	99	6	6	1.035605252997322
LG17_10820000_10825000	4998	4832	116	6	6	0.8805795579238893
LG17_11625000_11630000	4998	4788	80	6	6	1.178405075488684
LG17_18205000_18210000	4998	4763	58	6	6	1.253649103011906
LG17_18635000_18640000	4998	4809	125	6	6	1.0956366452131396
LG17_20425000_20430000	4998	4806	75	6	6	1.0504902286992062
LG17_22050000_22055000	4998	4743	44	6	6	1.321786750157935
LG17_23165000_23170000	4998	4836	146	6	6	0.96855784317392
LG17_23960000_23965000	4998	4798	96	6	6	1.0847680634597854
LG17_24000000_24005000	4998	4796	114	6	6	1.1357667932255247
LG17_24530000_24535000	4998	4850	99	6	6	0.8389709068839264
LG17_24775000_24780000	4998	4738	55	6	6	1.394104621055254
LG17_25380000_25385000	4998	4817	54	6	6	0.9856967605542094
LG17_25675000_25680000	4998	4765	97	6	6	1.2053352822918122
LG17_25895000_25900000	4998	4762	59	6	6	1.2620095505144862
LG17_26255000_26260000	4998	4784	74	6	6	1.1729707846120065
LG17_27280000_27285000	4998	4467	49	6	6	0.9183778949641359
LG17_27375000_27380000	4998	4635	99	6	6	1.4463560513019174
LG17_27495000_27500000	4998	4858	80	6	6	0.6709377643151008
LG17_27770000_27775000	4998	4902	90	6	6	0.4650770852202984
LG18_175000_180000	4998	4866	167	6	6	0.5771386825080479
LG18_965000_970000	4998	4841	128	6	6	0.8385671744351542
LG18_990000_995000	4998	4831	136	6	6	0.5508866068400168
LG18_1560000_1565000	4998	4878	119	6	6	0.5827891234625875
LG18_2515000_2520000	4998	4272	115	6	6	0.7675672086017543
LG18_4075000_4080000	4998	4841	143	6	6	0.6916310960747112
LG18_4550000_4555000	4998	4752	92	6	6	1.2162585019988832
LG18_4580000_4585000	4998	4768	38	6	6	1.216863134000553
LG18_5120000_5125000	4998	4867	140	6	6	0.7654656271647549
LG18_5865000_5870000	4998	4798	81	6	6	1.1315865694742346
LG18_8860000_8865000	4998	4762	73	6	6	1.2440345883839385
LG18_9395000_9400000	4998	4725	85	6	6	1.471438760454121
LG18_11410000_11415000	4998	4788	60	6	6	1.0693605937512094
LG18_11715000_11720000	4998	4760	103	6	6	1.2200058746831353
LG18_12005000_12010000	4998	4768	77	6	6	1.3025577209020003
LG18_12905000_12910000	4998	4795	66	6	6	1.081005862083624
LG18_13540000_13545000	4998	4763	43	6	6	1.2264776486285203
LG18_13730000_13735000	4998	4832	77	6	6	0.9117068001563743
LG18_13755000_13760000	4998	4703	91	6	6	1.3703489294721953
LG18_14285000_14290000	4998	4574	50	6	6	0.9433023099843457
LG18_15135000_15140000	4998	4765	51	6	6	1.2310758947549394
LG18_15285000_15290000	4998	4786	115	6	6	1.0656821925514977
LG18_15515000_15520000	4998	4805	100	6	6	0.9858560391762441
LG18_15560000_15565000	4998	4837	69	6	6	0.9300997846620509
LG18_15585000_15590000	4998	4809	83	6	6	1.0663750789541087
LG18_15945000_15950000	4998	4873	46	6	6	0.6767782253338698
LG18_16785000_16790000	4998	4804	64	6	6	1.0523728769986416
LG18_17100000_17105000	4998	4773	61	6	6	1.2064125746223275
LG18_18545000_18550000	4998	4799	81	6	6	1.111939517843171
LG18_18705000_18710000	4998	4794	79	6	6	1.0906203767115914
LG18_18970000_18975000	4998	4793	58	6	6	1.1232261219716542
LG18_19185000_19190000	4998	4749	107	6	6	1.2346103750711008
LG18_19450000_19455000	4998	4811	107	6	6	0.7803064591094953
LG18_19515000_19520000	4998	4781	43	6	6	1.146635374978879
LG19_160000_165000	4998	4819	97	6	6	0.5914650519233752
LG19_1170000_1175000	4998	4523	132	6	6	0.39082286924413695
LG19_1830000_1835000	4998	4944	180	6	6	0.5212739017858775
LG19_2440000_2445000	4998	4722	24	6	6	1.399538911931931
LG19_2465000_2470000	4998	4807	89	6	6	1.081005862083624
LG19_2990000_2995000	4998	4072	103	6	6	0.7193494151062587
LG19_4560000_4565000	4998	4607	73	6	6	0.8579853759827151
LG19_6180000_6185000	4998	4794	111	6	6	1.1779870531135548
LG19_7150000_7155000	4998	4763	64	6	6	1.251140968761132
LG19_7785000_7790000	4998	4841	42	6	6	0.8431511306352165
LG19_8130000_8135000	4998	4780	66	6	6	1.075455048413639
LG19_8730000_8735000	4998	4781	70	6	6	1.1842573887404901
LG19_8870000_8875000	4998	4829	61	6	6	0.9246654937853738
LG19_9120000_9125000	4998	4734	33	6	6	1.360662831044933
LG19_9175000_9180000	4998	4770	74	6	6	1.2436165660088097
LG19_9185000_9190000	4998	4496	51	6	6	0.7169438726467425
LG19_9195000_9200000	4998	4791	61	6	6	1.1261522785975573
LG19_9925000_9930000	4998	4774	63	6	6	1.217699178750811
LG19_10195000_10200000	4998	4839	114	6	6	0.9635415746723719
LG19_10550000_10555000	4998	4760	25	6	6	1.2105927983736178
LG19_10685000_10690000	4998	4728	39	6	6	1.4141696950614464
LG19_11605000_11610000	4998	4870	70	6	6	0.7570385213586401
LG19_11810000_11815000	4998	4729	69	6	6	1.4288004781909618
LG19_11860000_11865000	4998	4714	74	6	6	1.5295438705970537
LG19_12020000_12025000	4998	4821	112	6	6	1.0287530651924977
LG19_12590000_12595000	4998	4770	44	6	6	1.2051585074969406
LG19_12615000_12620000	4998	4748	74	6	6	1.0941007386393653
LG19_13830000_13835000	4998	4813	74	6	6	1.037113512695078
LG19_14090000_14095000	4998	4780	76	6	6	1.2114288431238758
LG19_14785000_14790000	4998	4894	53	6	6	0.571854609176488
LG19_15345000_15350000	4998	4786	109	6	6	1.2465427226347128
LG19_15355000_15360000	4998	4826	101	6	6	1.0178844834391434
LG19_17200000_17205000	4998	4770	96	6	6	1.105123584858106
LG19_19715000_19720000	4998	4589	48	6	6	0.8574892363558527
LG19_20365000_20370000	4998	4819	30	6	6	0.9288457175366639
LG19_20750000_20755000	4998	4797	55	6	6	0.8368086172670035
LG19_21075000_21080000	4998	4796	45	6	6	1.0546704524504964
LG19_21315000_21320000	4998	4839	204	6	6	0.9203211817808722
LG19_21700000_21705000	4998	4793	89	6	6	0.9982142316923478
LG19_22020000_22025000	4998	4778	81	6	6	1.1993061942451344
LG19_22370000_22375000	4998	4695	54	6	6	0.8383003437185336
LG19_22465000_22470000	4998	4796	114	6	6	1.36191689817032
LG19_22965000_22970000	4998	4808	83	6	6	1.045055937822529
LG19_23210000_23215000	4998	4810	87	6	6	1.0588506762017866
LG19_23425000_23430000	4998	4787	54	6	6	1.1345127261001378
LG19_24450000_24455000	4998	4766	79	6	6	1.1345150844774303
LG19_24525000_24530000	4998	4055	75	6	6	1.0102813777134294
LG20_2030000_2035000	4998	4805	74	6	6	0.9077224165635149
LG20_2135000_2140000	4998	4734	58	6	6	1.1581304838057809
LG20_2180000_2185000	4998	4756	68	6	6	1.1675241371519505
LG20_2705000_2710000	4998	4834	83	6	6	0.9234114266599868
LG20_2975000_2980000	4998	4804	82	6	6	1.0797517949582371
LG20_3055000_3060000	4998	4831	94	6	6	0.9752462011759842
LG20_3085000_3090000	4998	4873	49	6	6	0.5772501491352213
LG20_3120000_3125000	4998	4646	66	6	6	0.9591043870421059
LG20_5080000_5085000	4998	4815	96	6	6	0.7074326065704581
LG20_7510000_7515000	4998	4814	47	6	6	0.9915490738060158
LG20_7565000_7570000	4998	4829	47	6	6	0.6213302592383889
LG20_7650000_7655000	4998	4849	46	6	6	0.8113814301254116
LG20_8180000_8185000	4998	4770	39	6	6	0.9995486629452331
LG20_9950000_9955000	4998	4890	41	6	6	0.5806330790541971
LG20_9970000_9975000	4998	4823	89	6	6	0.9978194094329508
LG20_10250000_10255000	4998	4819	83	6	6	0.9819345591780484
LG20_11075000_11080000	4998	4926	87	6	6	0.4138421513777215
LG20_12505000_12510000	4998	4795	34	6	6	1.0396216469458521
LG20_12610000_12615000	4998	4830	33	6	6	0.8870434800237628
LG20_13275000_13280000	4998	4803	47	6	6	1.0383675798204648
LG20_13740000_13745000	4998	4778	114	6	6	0.9492478162640072
LG20_17250000_17255000	4998	4664	39	6	6	0.957638725547565
LG20_17645000_17650000	4998	4790	28	6	6	0.6693672566434724
LG20_18020000_18025000	4998	4661	72	6	6	1.337750022228726
LG20_18065000_18070000	4998	4764	113	6	6	1.325966973909225
LG20_18320000_18325000	4998	4751	115	6	6	1.4818893198323462
LG20_18660000_18665000	4998	4819	75	6	6	1.0320972441935299
LG20_19130000_19135000	4998	4809	64	6	6	1.0421297811966261
LG20_19475000_19480000	4998	4911	10	6	6	0.45397229939010664
LG20_21585000_21590000	4998	4755	102	6	6	1.3736215246739323
LG20_21750000_21755000	4998	4441	63	6	6	0.8587065109727046
LG20_22310000_22315000	4998	4811	102	6	6	1.114447652093945
LG20_23005000_23010000	4998	4848	127	6	6	0.9054364645294393
LG20_23670000_23675000	4998	4844	123	6	6	0.8089279739068275
LG20_24140000_24145000	4998	4768	86	6	6	1.2778944007693886
LG21_330000_335000	4998	4828	107	6	6	0.971065977424694
LG21_365000_370000	4998	4843	86	6	6	0.8908056813999238
LG21_955000_960000	4998	4781	58	6	6	0.8839894298666587
LG21_1040000_1045000	4998	4491	89	6	6	0.5979793179969823
LG21_3375000_3380000	4998	4840	84	6	6	0.9171410910330516
LG21_4285000_4290000	4998	4817	131	6	6	0.8137845315089737
LG21_4545000_4550000	4998	4824	87	6	6	1.004089745059886
LG21_4625000_4630000	4998	4842	69	6	6	0.8774289653957954
LG21_5770000_5775000	4998	4720	88	6	6	1.1308417759497669
LG21_5990000_5995000	4998	4722	84	6	6	1.3439761478046384
LG21_6650000_6655000	4998	4794	85	6	6	1.1374388827260407
LG21_6675000_6680000	4998	4845	77	6	6	0.8657243388921831
LG21_7180000_7185000	4998	4752	75	6	6	1.328475108159999
LG21_7315000_7320000	4998	4810	118	6	6	1.079333772583108
LG21_7510000_7515000	4998	4831	70	6	6	0.9438945230413083
LG21_7790000_7795000	4998	4809	83	6	6	0.9200711984033004
LG21_7800000_7805000	4998	4778	110	6	6	1.2247479008693658
LG21_8425000_8430000	4998	4860	125	6	6	0.865306316517054
LG21_9195000_9200000	4998	4808	68	6	6	1.0592686985769155
LG21_9655000_9660000	4998	4782	64	6	6	1.1570859343571043
LG21_10035000_10040000	4998	4850	52	6	6	0.82893836988083
LG21_10230000_10235000	4998	4861	70	6	6	0.8197418776279918
LG21_11510000_11515000	4998	4731	72	6	6	0.7283160384101098
LG21_12290000_12295000	4998	4789	81	6	6	1.0825828206643335
LG21_12695000_12700000	4998	4806	37	6	6	1.007433924060918
LG21_12795000_12800000	4998	4608	71	6	6	0.6936218701296932
LG21_12990000_12995000	4998	4844	60	6	6	0.8515115781377967
LG21_14100000_14105000	4998	4754	89	6	6	1.3414338017889984
LG21_14435000_14440000	4998	4904	45	6	6	0.5154215885340713
LG21_14450000_14455000	4998	4883	70	6	6	0.6663276659556445
LG21_14775000_14780000	4998	4755	55	6	6	1.1064345859957725
LG21_16045000_16050000	4998	4832	95	6	6	0.893125546031365
LG21_16705000_16710000	4998	4823	60	6	6	0.9702299326744361
LG21_17430000_17435000	4998	4783	110	6	6	1.130973363516751
LG21_17580000_17585000	4998	4822	69	6	6	0.841513876332628
LG21_17790000_17795000	4998	4818	69	6	6	1.00659787931066
LG22_2305000_2310000	4998	4812	130	6	6	0.9753035405283249
LG22_2585000_2590000	4998	4822	82	6	6	1.005761834560402
LG22_2730000_2735000	4998	4742	90	6	6	1.4183499188127366
LG22_3075000_3080000	4998	4801	90	6	6	1.1198819429706222
LG22_3315000_3320000	4998	4801	68	6	6	1.070555302705399
LG22_3715000_3720000	4998	4879	134	6	6	0.43105326415910133
LG22_4575000_4580000	4998	4819	75	6	6	0.9710070491603587
LG22_4855000_4860000	4998	4757	66	6	6	1.3054838775279034
LG22_5335000_5340000	4998	4800	71	6	6	1.070555302705399
LG22_5570000_5575000	4998	4781	63	6	6	1.1997242166202635
LG22_6820000_6825000	4998	4822	107	6	6	1.0212286624401754
LG22_6850000_6855000	4998	4808	74	6	6	1.0454739601976581
LG22_7870000_7875000	4998	4897	130	6	6	0.7102200153441908
LG22_8950000_8955000	4998	4836	90	6	6	0.8690685178932153
LG22_9630000_9635000	4998	4959	25	6	6	0.21402745606605394
LG22_10815000_10820000	4998	4876	85	6	6	0.7281949774747383
LG22_11410000_11415000	4998	4375	120	6	6	0.6499761425567977
LG22_11630000_11635000	4998	4830	105	6	6	0.9292637399117929
LG22_12130000_12135000	4998	4661	91	6	6	0.732756702475989
LG22_12475000_12480000	4998	4907	216	6	6	0.720670574722416
LG22_12745000_12750000	4998	4929	167	6	6	0.44953250332946637
LG22_13510000_13515000	4998	4915	68	6	6	0.5083152081568781
LG23_755000_760000	4998	4331	98	6	6	0.7174672131798829
LG23_1435000_1440000	4998	4848	131	6	6	0.6550116379221158
LG23_1550000_1555000	4998	4088	89	6	6	0.8207691464397213
LG23_2030000_2035000	4998	4757	105	6	6	0.9083438173806825
LG23_2925000_2930000	4998	4773	111	6	6	1.2674438413911635
LG23_3700000_3705000	4998	4828	113	6	6	0.9999095213085959
LG23_3900000_3905000	4998	4785	78	6	6	1.0513531451168088
LG23_4150000_4155000	4998	4729	61	6	6	1.0777605810591468
LG23_4590000_4595000	4998	4800	87	6	6	1.0847680634597854
LG23_5005000_5010000	4998	4812	104	6	6	1.07431750408156
LG23_5125000_5130000	4998	4682	67	6	6	1.2158970340469126
LG23_5570000_5575000	4998	4782	118	6	6	1.2457066778844548
LG23_5615000_5620000	4998	4724	62	6	6	1.393269834650496
LG23_6315000_6320000	4998	4752	57	6	6	1.3079920117786774
LG23_7425000_7430000	4998	4868	64	6	6	0.7344653131016735
LG23_7765000_7770000	4998	4780	84	6	6	1.184675411115619
LG23_8525000_8530000	4998	4809	98	6	6	1.0826779515841403
LG23_10385000_10390000	4998	4842	101	6	6	0.9158870239076646
LG23_10735000_10740000	4998	4827	115	6	6	0.9836066486785644
LG23_11515000_11520000	4998	4788	103	6	6	1.1997242166202635
LG23_11905000_11910000	4998	4778	61	6	6	0.97969070552455
LG23_12325000_12330000	4998	4771	69	6	6	1.2461247002595839
LG23_12755000_12760000	4998	4760	103	6	6	1.1001296891825376
LG23_13385000_13390000	4998	4778	99	6	6	1.1959620152441024
LG23_13965000_13970000	4998	4770	123	6	6	1.3109181684045805
LG23_14955000_14960000	4998	4742	77	6	6	1.2661641467633815
LG23_15125000_15130000	4998	4727	44	6	6	1.4191859635629946
LG23_15175000_15180000	4998	4798	88	6	6	1.0902023543364623
LG23_16610000_16615000	4998	4857	56	6	6	0.756202476608382
LG23_16820000_16825000	4998	4965	101	6	6	0.3649335334876272
LG23_16975000_16980000	4998	4774	52	6	6	1.1901097019922962
LG23_17355000_17360000	4998	4831	107	6	6	1.0203926176899174
LG23_17575000_17580000	4998	4808	119	6	6	1.107341271716752
LG23_17645000_17650000	4998	4913	99	6	6	0.5501174456697793
LG24_715000_720000	4998	4295	134	6	6	0.8752307688053291
LG24_3425000_3430000	4998	4785	66	6	6	1.1715330954907406
LG24_4065000_4070000	4998	4801	65	6	6	1.07431750408156
LG24_4275000_4280000	4998	4854	76	6	6	0.8067831839989925
LG24_5040000_5045000	4998	4807	119	6	6	1.0814238844587531
LG24_5645000_5650000	4998	4874	119	6	6	0.7791937072404778
LG24_6340000_6345000	4998	4812	82	6	6	1.0567605643261413
LG24_6750000_6755000	4998	4771	89	6	6	1.2431985436336808
LG24_6965000_6970000	4998	4761	87	6	6	1.2112170159802351
LG24_7050000_7055000	4998	4836	51	6	6	0.8707406073937314
LG24_7095000_7100000	4998	4821	25	6	6	0.9046004197791812
LG24_7140000_7145000	4998	4772	31	6	6	1.1637742923591683
LG24_8000000_8005000	4998	4833	57	6	6	0.897494039401988
LG24_8350000_8355000	4998	4722	43	6	6	1.2711478882553022
LG24_8980000_8985000	4998	4751	82	6	6	1.3757116365495774
LG24_9070000_9075000	4998	4775	83	6	6	0.9600518494192706
LG24_9480000_9485000	4998	4753	74	6	6	1.3514663387920947
LG24_12160000_12165000	4998	4729	82	6	6	1.464332380076928
