0.002664781442759027
0.0026247487324408195
0.0024347473544518656
0.0024566882689466434
0.0024373082221963564
0.0024527797812497966
0.0024486304469907593
0.002494923056242753
0.0024197386057566617
0.00245698576378822
0.002354419280713931
0.003422569255761613
0.003082458614751745
0.002595778720638995
0.00245495288237895
0.002450225126540167
0.002443107341175812
0.0036114770275330545
0.002357330352596027
0.003602143461939632
0.0034137398903179407
0.0025686879292490753
0.0024909363573710637
0.002478504110534609
0.002301325832210905
0.002271087629874969
0.0023366745622059675
0.0024620413893139946
0.0023946927563745202
0.0024109678682389456
0.002455243676884529
0.0024158457115643064
0.0024276651011603733
0.00217583998192251
0.0021328151062550843
0.001980122976058513
0.0019834949192647014
0.002169835122954224
0.002373014494980642
0.002374037212838927
0.002402498087404504
0.002376518810395527
0.002453742802015187
0.002450553442918248
0.0024503265783440927
0.002418603569137088
0.0023332288036522525
0.0023055783110073505
0.002650216702879046
0.002931909028098993
0.002629767282785181
0.002435810474149532
0.002434368906952452
0.0024422525784808663
0.002574241612955767
0.0024529923645810105
0.002457617513058152
0.002443129193400677
0.0024483459061312982
0.002505687143195562
0.0024514914897111745
0.0024396484790132527
0.002459277278095885
0.0037337701879788443
0.0022132963943009573
0.0024230914124010205
0.0013883561564808386
0.0016356252912049015
0.004749865266322365
0.0024543805718770686
0.0024336434501117795
0.002723476203174129
0.0024599034547875816
0.002451667764336981
0.002455762729443954
