0.0028844242110825052
0.002950142520599261
0.00269214828084167
0.0026786448501573937
0.0026874007730908977
0.0026822579726554787
0.0027122878909690926
0.0026677918213071556
0.002667640101425752
0.0026691500754855144
0.0026363015170339133
0.003704168656907766
0.0034194157261612824
0.0029765502088445663
0.0026556238868190147
0.002636132939387604
0.002682574986202703
0.0037934892818186974
0.0026254518597370723
0.003792528389236658
0.0038993526719540033
0.002799616168930392
0.002730755572089651
0.002804974690367354
0.002479591737308129
0.0024949185103782497
0.002590507399495929
0.0026667230390320052
0.002629861850956255
0.0026481693833122896
0.0026539347388056266
0.002610947439074606
0.002624096495462918
0.002400061018367553
0.0024348546016115234
0.0024030912015516694
0.002186288909594353
0.0024129529938424006
0.002631004807396517
0.0025889060005840365
0.0026469534254263288
0.0025955786310597273
0.002647511930492874
0.002691905167792157
0.002684868370378574
0.002662144470166442
0.00256646991295303
0.0025894537892090955
0.0029415029162404827
0.0031601700382050154
0.003408994015257558
0.0026766960925695264
0.0026773899361760447
0.002678170523971716
0.0028249808431997374
0.002691423035724539
0.0026874569534276805
0.0026822789627597753
0.0026922187222136397
0.0025950084226442115
0.002698236944175479
0.0026871038565538497
0.0026358294996247965
0.0040111027934899264
0.002471793335404067
0.002657094037143622
0.001318192902928305
0.001830904955484881
0.005109687188709976
0.0026915125284700156
0.002675702327350136
0.002938924099700281
0.00268754715103193
0.002670739822890838
0.0026768612986626853
