0.002471394861321016
0.002496439221687103
0.0023377493295156744
0.0023477077083703356
0.002329630900457313
0.00235752780434087
0.002354892515333394
0.002356980315770648
0.0023363180251028803
0.0023468472748552228
0.002264426812725668
0.003238949433526066
0.0031310865312126884
0.002514844222583109
0.002314758981775236
0.002313668086786983
0.0023449849932833263
0.003415361086474842
0.002319335193802343
0.0033875494275222755
0.0032730085353750204
0.0024247020905233
0.0023056712718305537
0.0024179471701421475
0.002208751107208039
0.002097111344188555
0.0023280592720836615
0.0023033107476467785
0.002276180127655977
0.002347226974985639
0.002284269391340226
0.0022912030459267254
0.0023554549117616183
0.0020419075147807826
0.00199368763167999
0.0018571562688118716
0.0017974657571733891
0.002027477641698598
0.0022329326127815607
0.002284970785240644
0.002297975250201458
0.002241749780128799
0.002356194501584178
0.002350712292024529
0.0023436025494111604
0.0023149315527338566
0.0022463253518184173
0.0022072596010661743
0.0023745609821769964
0.002571464445937953
0.002537810027386549
0.002323489223305708
0.002340232860273971
0.002337013902758161
0.0024573284572107635
0.0023427339668136366
0.002352777750688276
0.0023427131658494867
0.0023596890634958443
0.0023112952361056143
0.0023008177136200044
0.0023391417308142558
0.002369599567118077
0.003599583666398984
0.002121457936776025
0.0023357885460253696
0.0014209831709571582
0.001835569490865904
0.004622996035970938
0.0023398074621423645
0.0023278728673154303
0.0025402691635458274
0.002348893653457822
0.0023524422388433164
0.0023624933415730136
