0.002417149922924011
0.0023240939027694054
0.0022611999771889172
0.0022674875126556587
0.0022324351762106763
0.002264238808512213
0.0022533092492174034
0.0022511759765552267
0.002284095040337053
0.0022439676101344624
0.0021961402084395357
0.0034140129054717424
0.003012065765421533
0.0022785751973204626
0.0022609996971690543
0.002259695734253318
0.0022576684326030025
0.003727344660986876
0.002153661416536223
0.003768756816558537
0.0038902093624457322
0.0023857988145492776
0.0022732153497554528
0.002357683169710898
0.0021763141056271654
0.0019776454007862467
0.002118659745316143
0.0022464934430602834
0.0022546558775868412
0.0021929376328537215
0.0021840578853937393
0.0022502560027192827
0.002239176317825521
0.0019020579344597715
0.0018862423552670144
0.0018482674352741407
0.001725039511305691
0.0018911795481865816
0.0021417817543938427
0.0021527924587925935
0.0022183299541776013
0.0021243837383707756
0.002223056776265283
0.002272068715699549
0.0022692747371923327
0.0022358617454257285
0.0021456696438221803
0.0021444590115857103
0.002434490763081643
0.0024981822850304127
0.002639484933048504
0.0022669061958548896
0.002256234238498802
0.0022426234661688314
0.0023183212098039784
0.002253242584448064
0.0022747218286538508
0.0022734513430430793
0.0022479280689262637
0.0021400591367174344
0.0022226567876409593
0.0022409561222837496
0.002264375601157903
0.0037704394353705165
0.0021030548557865476
0.0022359873176110885
0.0012099255897162285
0.0017359906284265276
0.0046411637195803174
0.0022622421835750027
0.00223979731466052
0.0025086763199109563
0.0022596233553601377
0.0022482860587438006
0.0022747486394826006
