0.0024609009052508767
0.0025451014795066207
0.0023016555582728577
0.0023400687244228714
0.002317130202161543
0.002324426670704904
0.00231343095783352
0.0023040224751544893
0.0023130834854627517
0.0023428969013352713
0.0022711809903002
0.003323814270434094
0.002912178356973878
0.002437458548048514
0.002320818755030363
0.002316731945365636
0.0023292996149145047
0.003582311854772421
0.0022593722753911022
0.0035851932025929654
0.0032012629605022943
0.0024503270536934134
0.002403813867443273
0.002471029279405072
0.002118715459325307
0.0021212789098451917
0.0021606901218261636
0.0023043993490352317
0.0023421909787538953
0.0022599202125921504
0.002335455360471647
0.0022849783163207517
0.002354138682611693
0.0020094235739071095
0.0020216076228914883
0.0019336436555627728
0.0018220778183058778
0.0020128940849545563
0.0021845828566783255
0.0022331739839803956
0.0022842790136499845
0.002192274874439685
0.00227752102465112
0.0023008604765726243
0.002328366313982549
0.0023116882502477254
0.0021749284704738105
0.0022211503145032575
0.0024457377455204053
0.0026749599234070914
0.0024920985784998824
0.002323785634511807
0.0023209559427042068
0.0023160265415915395
0.002451117839718612
0.00231584722725064
0.0023406751450627955
0.0023351643523595225
0.00233317540714108
0.0023038153281627607
0.0022599202125921504
0.0023133773552860195
0.002243883026205845
0.0034921106999409143
0.002158276525275994
0.0023190980378259654
0.0012460893822159068
0.0017011846388932802
0.004480699667152301
0.002338444901198843
0.0022964605931426424
0.0026763915763966715
0.002330817072929613
0.00233367389634974
0.0023408999852505743
