0.002526232241876971
0.0024244850893885886
0.002345529751319222
0.0023424536281567623
0.002318718680743135
0.0023466653134399805
0.0023574133918406134
0.0023741434735187316
0.002355589733649171
0.0023164912640107707
0.0022928414755637064
0.003252863545473651
0.003099943473187746
0.002531814221733088
0.002329804792599999
0.0023592226337634903
0.0023377047589422835
0.003623264279257083
0.002338820728042459
0.003499601512667379
0.003701752221248115
0.002429357788748928
0.002420160208300113
0.0025050979896214342
0.002167431457013915
0.0021354714470015546
0.0022525710661209395
0.002333864414315022
0.0022815910182253517
0.002334138323450331
0.002294176422192816
0.0023510053596953865
0.002268054140418423
0.0020546090362142336
0.0019972791019765837
0.00205237232053614
0.001852105612534342
0.0020418772757609944
0.002236231665369518
0.0022458310803827966
0.002301958857676412
0.002212402843697172
0.0023289052173332755
0.0023284669627165427
0.002338562551448299
0.0023306524692933194
0.0022551804110451648
0.0022695678487993894
0.0024579236283367484
0.0026692589427273505
0.002587706101667661
0.0023231819580264647
0.0023382468037891862
0.0023303819448503705
0.002467817308696443
0.0023471475657647293
0.002354315617416002
0.0023466134429494722
0.0023613793077999616
0.002257876253589502
0.0023020477057738415
0.0023411773808223405
0.002332408371014941
0.0034277782124283313
0.002151446696510664
0.002312627282315033
0.0013792478279257832
0.0016156025794109798
0.0047599502245647025
0.002349829963574055
0.002334316959846436
0.0025255114283603054
0.002337072128068038
0.0023519672853302555
0.0023588593437524684
