0.0026321102639183694
0.002512150605163165
0.002341146408991353
0.002355150288769872
0.002339838640945164
0.002359801394707601
0.002358575936433237
0.0024052574608706
0.0023463934600801407
0.002355387373468328
0.002324502735977207
0.0032986032840909897
0.0030095043414345617
0.0025193940576400922
0.002330847326538531
0.0023664460317779894
0.0023501253148001415
0.0036179825533488546
0.0022880712021546208
0.003551396695311427
0.0037210861928260145
0.0024408426899209146
0.0024415218899290084
0.0024101268577592667
0.002183792438849215
0.0021099738217785994
0.002234736482389439
0.002334270278965571
0.0022667896018683173
0.0023467977457998553
0.0023451806029209966
0.002274390173398954
0.0022895508878882547
0.0020003943156846043
0.001961968950155674
0.0019508403119112843
0.0016301594351565897
0.0019502204071405443
0.002217790172639296
0.0022638185273917803
0.002305903512852647
0.002256928705632324
0.002298889888013664
0.00235198877444167
0.00234779498391246
0.0023028599737818394
0.0022166258297663987
0.002180272457849373
0.002437593580351421
0.002692933702830665
0.002665698321510806
0.0023104308976929786
0.00234560510293053
0.002339690666515714
0.0024375382317144995
0.002342280526692204
0.0023621267661959053
0.002358229598333506
0.0023519510411078325
0.002401302198911681
0.0023934118892829596
0.0023486630263669806
0.0023486978886825146
0.003926355528917493
0.002166122457659485
0.002323934775795137
0.0012284221593530976
0.0016064697358583078
0.004881006468595957
0.0023555095171421798
0.0023461341898940984
0.002748074905948475
0.0023532610668523016
0.0023534391494596046
0.002365093022236743
