0.002816642058683521
0.0027341409216950384
0.002602254876458943
0.0026073958491047915
0.0025913307492494717
0.0026041516749538787
0.0026032967566543535
0.0026086612405844356
0.0026311338770159455
0.00260675228157289
0.002497545543424421
0.0034979259751869007
0.0033289942940105156
0.0028145037261438784
0.0025946792616101102
0.002628626969366215
0.0026103482095935324
0.003673016633901999
0.0025157295771266173
0.0036916542985121876
0.0035026871811694705
0.0027421451196921074
0.0026839580024924036
0.0026193524058646645
0.0024375588246628656
0.0023550056348465636
0.0025021325875392957
0.0025939182360736183
0.0025501965728960845
0.0025882030835143155
0.0025552551544035756
0.002643937012512782
0.0025508232998085172
0.0022996744921879087
0.002328147227821198
0.0022650358277392733
0.002031133989572224
0.002312047807205614
0.0024989332958733103
0.0025096650125329225
0.0025727339256975514
0.002525199781228621
0.0025826520737184844
0.0025985679528810926
0.0026229160339184426
0.002607249612825305
0.0024911201003649146
0.0025488535866551574
0.0027634180217460625
0.0030783393420050526
0.0028249267915816966
0.0026027401634695197
0.002604994466440256
0.002593856763639114
0.0027468944946069528
0.0026221328847886474
0.002619118367270476
0.0026183639431225556
0.0026032982488630365
0.0026246054716769582
0.0026124663682670617
0.002608425731407266
0.0026394156255016613
0.0038660992579650803
0.0024952415759177285
0.0026036467470083044
0.0014295640872586507
0.0016642285497566107
0.00495994076687982
0.00260730333227833
0.002583448782468252
0.00283591614954848
0.002617795097368543
0.0026171914415239338
0.002623962330490155
