0.0024104451874769725
0.00231165226168696
0.002231777850880504
0.0022414253569714806
0.002203963998066509
0.002236781871002644
0.0022127994027709443
0.002249353353100751
0.0022612768910478835
0.0022235742224478976
0.0021548041133062222
0.0032660253521599914
0.002855522860205374
0.0023411404117508095
0.002218520387779111
0.0022205854520219543
0.0022264172225076803
0.0035957479023426687
0.0021393644985605287
0.0036032931676255736
0.003527663869787395
0.0023114083233461095
0.0022575231846571195
0.002302694537319868
0.002035829495510972
0.002004424864560368
0.0020920078649076597
0.002209120349926646
0.0021558261308434797
0.002090593653397262
0.0022133303892498896
0.0022109961516623556
0.002092044665951675
0.0019103975746998679
0.001895253716905754
0.0017837360418901016
0.0016468181367569556
0.0018905484406863554
0.002088314091646015
0.0020793883168583106
0.00221025384491211
0.002123534751792673
0.00220831493281181
0.002225115134693144
0.0022311008357754256
0.002207921687381611
0.0021527684898965697
0.0021433032616238724
0.0022624755535923403
0.0026192795407257085
0.002410857359157151
0.0021985426786965963
0.0022229784341347147
0.0022196600543681294
0.0024123827248397588
0.002226633440583445
0.0022352170667269146
0.002230058829094464
0.0022233108321255248
0.0021895621727328505
0.00221519147056968
0.0022205248788798
0.0022473660967762287
0.003765640443298047
0.0020623073202538614
0.002205127102198781
0.0010991735537190083
0.0017318150274430635
0.004632093964320199
0.002235987259984884
0.002219166211799695
0.002482458519964576
0.00224130150336912
0.002230631348178434
0.0022381973797671114
