0.002591340498819711
0.002515044735062925
0.002304281841629464
0.0023231492581969795
0.0023045067907194244
0.00232166175892231
0.002314239565718986
0.0023211982477628246
0.002352503523338417
0.0023344715841104777
0.002259077794185543
0.0035165937130604815
0.00308390254539961
0.0023375836869441143
0.0023129791473228516
0.00230828921839626
0.0023291039756827034
0.0038178882307638566
0.0022220554952499146
0.003820064357785703
0.004005668294998265
0.0024594667323366653
0.0024785336383803805
0.002504802711940661
0.002149087236067283
0.0020924063082355697
0.0022120518768505132
0.0023097430963643743
0.002311560443821575
0.00226604468360268
0.0022917923934019312
0.0023149371926477064
0.002196047494394333
0.0019875917510516206
0.0019390112497210251
0.001934525332703851
0.0018128907697998848
0.0019750521810278565
0.002147108086060899
0.0021864755962958194
0.0022818734486174112
0.0022075809127910587
0.0022973147847113336
0.002317460374410719
0.0023307895347508723
0.0023212451470534033
0.002199972964905635
0.002138396543081529
0.002494016266244019
0.0027464669329133324
0.0025990061876460025
0.002310671702291644
0.0023121928195690227
0.002308328471067093
0.0024779582846010894
0.002299948179804018
0.00233283398691996
0.0023335213291328285
0.0023306414196550616
0.002249840979165173
0.0022795165044402666
0.0023121827515151655
0.0023464535150249316
0.003597732414676942
0.0021509890022462803
0.002306452684863255
0.0012258301728195428
0.0017420154751474277
0.004688998895516217
0.0023236094829650667
0.0022952848611315075
0.0025680878312043694
0.0023260249155269844
0.0023248259077850806
0.002336841505694218
